ACA3 DIP1 DIP2 DIP3 DIP4 DIP5 FUN1 FUN2 FUN4 FUN5 GAL3 MIL2 MIL3 MYC2 PAC4 PAV2 PLE1 PLE2 PLE3 POR2 POR3 POR4 POR5 STY1 STY3 STY4 XEN1 XEN3 XEN4 XEN5 ACA1 ACA2 FUN3 GAL1 GAL4 GAL5 MIL1 MIL4 MIL5 MYC1 MYC3 PAC2 PAC3 PAV1 PAV4 PAV5 PLE4 POC1 POC2 POC3 POC4 STY2 STY5 PAV3 MYC4 PAC5 ACA4
Ackermannviridae 0.602059991327962 0.301029995663981 0.301029995663981 0.301029995663981 0.602059991327962 0.301029995663981 0.698970004336019 0.477121254719662 0.602059991327962 0.301029995663981 0.301029995663981 0.301029995663981 0.477121254719662 0.477121254719662 0.301029995663981 0.301029995663981 0.301029995663981 0.602059991327962 0.778151250383644 0.698970004336019 0.698970004336019 0.301029995663981 0.301029995663981 0.477121254719662 0.477121254719662 0.301029995663981 0.698970004336019 0.301029995663981 0.301029995663981 0.845098040014257 0 0 0 0 0 0 0 0 0 0 0 0 0 0 0 0 0 0 0 0 0 0 0 0 0 0 0
Adenoviridae 0.602059991327962 0.778151250383644 0.477121254719662 0.477121254719662 0.477121254719662 0.602059991327962 0.698970004336019 0.778151250383644 0.477121254719662 1.27875360095283 0 2.05690485133647 0.602059991327962 0.602059991327962 0.301029995663981 0.301029995663981 0.602059991327962 0.477121254719662 0.602059991327962 0.778151250383644 0.778151250383644 0.698970004336019 0.477121254719662 0.477121254719662 0.778151250383644 0.301029995663981 0.778151250383644 0.903089986991944 0.778151250383644 0 0.602059991327962 0.477121254719662 0.602059991327962 0.301029995663981 0.602059991327962 0.602059991327962 0.778151250383644 0.301029995663981 1.7160033436348 0.301029995663981 0.301029995663981 0.602059991327962 0.301029995663981 0.477121254719662 0.477121254719662 0.602059991327962 0.477121254719662 0.778151250383644 0.477121254719662 0.301029995663981 0.301029995663981 0.698970004336019 0.602059991327962 0 0 0 0
Adomaviridae 0 0 0 0 0 0 0.477121254719662 0 0 0 0 0 0 0 0 0 0 0 0 0 0.477121254719662 0 0 0 0 0 0 0 0 0 0 0 0 0 0 0 0 0 0 0 0 0 0 0.602059991327962 0.301029995663981 0 0 0 0 0 0 0 0 0.301029995663981 0 0 0
Alloherpesviridae 0.301029995663981 0.301029995663981 0 0 0 0.477121254719662 0.301029995663981 0 0 0.698970004336019 0.477121254719662 0.602059991327962 0.301029995663981 0 0.602059991327962 0.778151250383644 0 0 0.301029995663981 0.778151250383644 0.301029995663981 0.602059991327962 0.602059991327962 0.301029995663981 0.477121254719662 0 0.477121254719662 0.602059991327962 0.698970004336019 0.477121254719662 0.301029995663981 0.602059991327962 0.301029995663981 0.477121254719662 0.778151250383644 0.602059991327962 0 0.602059991327962 0.698970004336019 0 0 0.301029995663981 0 0.903089986991944 1.20411998265592 0.602059991327962 0.477121254719662 0.301029995663981 0 0.477121254719662 0.301029995663981 0.301029995663981 0 0.954242509439325 0.477121254719662 0.845098040014257 0
Alphaflexiviridae 0 0.602059991327962 0.602059991327962 0.301029995663981 0.602059991327962 0.301029995663981 0 0 0 0.301029995663981 0 0.477121254719662 0 0 0 0 0 0 0 1.07918124604762 0 0.602059991327962 0.301029995663981 0 0 0.301029995663981 0 0 0 0 0 0 0 0 0 0.301029995663981 0.301029995663981 0 0.301029995663981 0 0 0 0 0 0.602059991327962 0 0.301029995663981 0 0.301029995663981 0 0 0.301029995663981 0.477121254719662 0.477121254719662 0 0 0
Amalgaviridae 0 0 0 0 0 0 0 0 0 0 0 0 0 0 0 0 0 0 0 0 0 0 0 0 0 0 0 0 0 0 0.301029995663981 0 0 0 0 0 0 0 0 0 0 0 0 0 0 0 0 0 0 0 0 0 0 0 0 0 0
Ampullaviridae 0 0 0 0 0 0 0 0 0 0 0 0 0 0 0 0 0 0 0 0.301029995663981 0 0 0 0 0 0 0 0 0 0 0 0 0 0 0 0 0 0 0 0 0 0 0 0 0 0 0 0 0 0 0 0 0 0 0 0 0
Anelloviridae 0.301029995663981 0.301029995663981 0 0 0.301029995663981 0.301029995663981 0.477121254719662 0.301029995663981 0 0.778151250383644 0.301029995663981 0 0.301029995663981 0.698970004336019 0.301029995663981 0.602059991327962 0.301029995663981 0.903089986991944 0.477121254719662 0.477121254719662 0.903089986991944 0.477121254719662 0 0.602059991327962 0 0.602059991327962 0.698970004336019 0 0.698970004336019 0 0.477121254719662 0.698970004336019 0 0.301029995663981 0.477121254719662 0.301029995663981 0 0 0 0.602059991327962 0.602059991327962 0 0 0.477121254719662 0 0.602059991327962 0 0.301029995663981 0.301029995663981 0.602059991327962 0 0.477121254719662 0.477121254719662 0.301029995663981 0 0 0.602059991327962
Arenaviridae 0 0.301029995663981 0 0 0 0 0.301029995663981 0.301029995663981 0 0 0 0 0 0 0 0.477121254719662 0 0.301029995663981 0.301029995663981 0.301029995663981 0.477121254719662 0.301029995663981 0.602059991327962 0 0 0 0 0 0 0 0 0 0 0.301029995663981 0.301029995663981 0.301029995663981 0 0.301029995663981 0 0 0 0.301029995663981 0 0.477121254719662 0 0 0 0.301029995663981 0 0 0 0 0 0 0.301029995663981 0 0
Arteriviridae 0 0.845098040014257 0.954242509439325 0.778151250383644 0.778151250383644 0.954242509439325 0.477121254719662 0.778151250383644 0.477121254719662 0.845098040014257 0.602059991327962 0.778151250383644 0.602059991327962 1 0.698970004336019 0.477121254719662 0.301029995663981 1.04139268515823 0.954242509439325 1.25527250510331 0.477121254719662 1.04139268515823 0 0.602059991327962 0.477121254719662 0.301029995663981 0.301029995663981 0 0.301029995663981 0.301029995663981 0.602059991327962 0.477121254719662 1.14612803567824 0.903089986991944 0.845098040014257 0.477121254719662 0.301029995663981 0.477121254719662 0.301029995663981 1 0.845098040014257 0.602059991327962 0 0.954242509439325 0.903089986991944 0.778151250383644 0.698970004336019 0.301029995663981 0.301029995663981 0.301029995663981 0 0.477121254719662 0 0.477121254719662 0.954242509439325 0.778151250383644 0.698970004336019
Ascoviridae 0 0 0 0 0.301029995663981 0 0.602059991327962 0 0 0.602059991327962 0 0.477121254719662 0 0 0 0 0 0 0 1.70757017609794 1.20411998265592 0.903089986991944 0.602059991327962 0 0 0 0 0 0 0 0.301029995663981 0 1.14612803567824 0 0 0 0 0 0 0 0 0.301029995663981 0 0 0.477121254719662 0 0 0 0 0 0 0 0 0.301029995663981 0 0 0
Asfarviridae 0 0.477121254719662 0.301029995663981 0 0 0 0.301029995663981 0 0 0.301029995663981 0 0.477121254719662 0 0 0.301029995663981 1.53147891704226 0.301029995663981 0.301029995663981 0.477121254719662 0.477121254719662 0.477121254719662 0.301029995663981 0.301029995663981 0 0 0 0.602059991327962 0.477121254719662 0 0 0 0 0 0 0 0.301029995663981 0 0 0.301029995663981 0 0 0 0 1.50514997831991 1.38021124171161 1.50514997831991 0 0 0 0 0 0 0.301029995663981 1.17609125905568 0 0 0
Aspiviridae 0 0 0 0 0 0 0 0 0 0 0 0 0 0 0 0 0 0 0 0 0 0 0 0 0 0 0 0 0 0 0 0 0 0 0 0 0 0 0.301029995663981 0 0 0 0 0 0 0 0 0 0 0 0 0 0 0 0 0 0
Astroviridae 0.477121254719662 0.698970004336019 0 0 0.954242509439325 0.698970004336019 0 0.845098040014257 0 0.602059991327962 0.301029995663981 0 0 0.301029995663981 0 0.477121254719662 0.477121254719662 0.301029995663981 0.602059991327962 0.698970004336019 0.301029995663981 0.301029995663981 0 0 0.301029995663981 0.301029995663981 0.602059991327962 0 0.477121254719662 0 1 0.778151250383644 1.51851393987789 0 0.301029995663981 0 0 0.301029995663981 0.477121254719662 0 0 0 0 0.698970004336019 0.477121254719662 0.602059991327962 0.477121254719662 0 0 0 0 0.301029995663981 0.301029995663981 0 0 0 0
Baculoviridae 0.698970004336019 1.20411998265592 1.04139268515823 0.903089986991944 1 0.903089986991944 1.55630250076729 0.954242509439325 1.14612803567824 1.23044892137827 1.17609125905568 1.69897000433602 0.778151250383644 0.698970004336019 1 1.20411998265592 1.25527250510331 1.11394335230684 1.17609125905568 1.85733249643127 1.38021124171161 1.44715803134222 1 0.954242509439325 0.778151250383644 0.477121254719662 1.20411998265592 0.954242509439325 1.11394335230684 1.25527250510331 1.04139268515823 0.602059991327962 1.47712125471966 1.36172783601759 1.14612803567824 0.954242509439325 0.698970004336019 0.698970004336019 1.41497334797082 0.903089986991944 0.903089986991944 1.20411998265592 0.698970004336019 1.25527250510331 1.43136376415899 1.20411998265592 0.954242509439325 0.602059991327962 0.477121254719662 0.477121254719662 0.301029995663981 0.602059991327962 0.778151250383644 1.27875360095283 1.14612803567824 1.43136376415899 0.778151250383644
Benyviridae 0 0 0 0 0.301029995663981 0 0 0 0 0 0 0.301029995663981 0 0 0 0 0 0 0 0 0 0 0 0 0 0 0 0 0 0 0 0 0 0 0 0 0 0 0.477121254719662 0 0 0 0 0 0 0 0 0 0 0 0 0 0 0 0 0 0
Betaflexiviridae 0 0 0.301029995663981 0.477121254719662 0.477121254719662 0 0.301029995663981 0.301029995663981 0.602059991327962 0 0 0.301029995663981 0 0.301029995663981 0 0 0 0 0 0.477121254719662 0.301029995663981 0.477121254719662 0 0 0.301029995663981 0 0 0.301029995663981 0.477121254719662 0 0 0 0.301029995663981 0.477121254719662 0 0 0 0 0.477121254719662 0 0 0 0 0 0.778151250383644 0 0.301029995663981 0 0 0 0 0 0 0 0.477121254719662 0 0
Bicaudaviridae 0.301029995663981 0 0 0 0 0 0 0 0 0 0 0 0 0 0 0 0 0 0 0 0 0 0 0 0 0 0 0 0 0 0 0 0 0 0 0 0 0 0 0 0 0 0 0 0 0 0 0 0 0 0 0 0 0 0 0 0
Bidnaviridae 0 1.17609125905568 0.698970004336019 1 0.954242509439325 0.845098040014257 0.954242509439325 1 0 1.38021124171161 0 0 0 0 0.477121254719662 0 0 0 0 0 0 0 0 0 0 0 0 0 0 0 0.301029995663981 0 1.07918124604762 0 0 0 0 0 0 0 0 0.301029995663981 0 0 0 0 0 0 0 0 0 0 0 0 0 0.301029995663981 0
Birnaviridae 0 0 0 0 0 0 0 0 0 0 0 0 0 0 0 0 0 0 0 0 0 0 0 0 0 0 0 0 0 0 0 0 0 0 0 0 0 0 0 0 0 0 0 0.477121254719662 0 0 0 0 0 0 0 0.477121254719662 0.301029995663981 0 0 0 0
Bornaviridae 0 0 0 0 0 0 0 0 0 0 0 0 0 0 0 0 0 0.301029995663981 0 0.301029995663981 0 0 0 0 0 0 0 0 0 0 0 0 0 0 0 0 0 0 0 0 0 0 0 0 0 0 0 0 0 0 0 0.301029995663981 0 0 0 0 0
Botourmiaviridae 0 0 0 0 0 0.301029995663981 0 0 0 0 0 0 0 0 0 0 0 0 0 0 0 0 0 0 0 0 0 0 0 0 0 0 0 0 0 0 0 0 0 0 0 0 0 0 0 0 0 0 0 0 0 0 0 0 0 0 0
Bromoviridae 0 0 0 0 0 0 0 0 0 0 0 0.301029995663981 0 0.301029995663981 0 0 0 0 0 0 0 0 0 0 0 0 0.477121254719662 0 0 0.301029995663981 0 0 0 0 0 0 0.301029995663981 0 0 0 0 0 0 0 0.301029995663981 0 0 0.301029995663981 0 0 0 0.301029995663981 0 0 0 0 0
Caliciviridae 0 0.477121254719662 0 0.301029995663981 0 0.301029995663981 0 0 0.301029995663981 0 0 0.477121254719662 0 0.301029995663981 0 0 0.301029995663981 0.301029995663981 0.301029995663981 0 0.301029995663981 0.602059991327962 0.301029995663981 0 0 0 0.602059991327962 0 0 0 0.301029995663981 0 0 0 0.301029995663981 0 0 0.301029995663981 0 0.301029995663981 0.301029995663981 0 0 0.301029995663981 0 0 0.301029995663981 0.301029995663981 0 0.477121254719662 0 0 0 0 0.477121254719662 0 0
Carmotetraviridae 0 0 0 0 0 0 0 0 0 0 0 0 0.301029995663981 0 0 0 0 0 0 0 0 0 0 0.301029995663981 0 0 0 0 0 0 0 0 0 0 0 0 0 0.301029995663981 0.301029995663981 0 0 0 0 0 0 0 0 0 0 0 0 0 0 0 0 0 0
Caulimoviridae 1.17609125905568 1.30102999566398 1.20411998265592 1.43136376415899 1.23044892137827 1.23044892137827 0.698970004336019 0.698970004336019 0.301029995663981 0.698970004336019 1 1.88081359228079 1.43136376415899 1.41497334797082 1.46239799789896 1.25527250510331 0.698970004336019 0.845098040014257 1 1.14612803567824 1.6232492903979 1.44715803134222 1.04139268515823 0.602059991327962 0.477121254719662 0 1.41497334797082 1.65321251377534 1.07918124604762 1.17609125905568 0.602059991327962 0.698970004336019 0.477121254719662 1.34242268082221 1.11394335230684 1.07918124604762 0 1.17609125905568 1.51851393987789 1.83884909073726 1.61278385671974 1.11394335230684 0.477121254719662 1.53147891704226 1.57978359661681 1.25527250510331 0.778151250383644 0.778151250383644 1 0.778151250383644 0.845098040014257 0.602059991327962 0.698970004336019 0.845098040014257 1.6232492903979 1.11394335230684 1
Chrysoviridae 0 0 0 0 0 0 0 0 0 0 0 0 0 0 0 0 0 0 0 0 0 0 0 0 0 0.301029995663981 0 0 0 0 0 0 0 0 0 0 0 0.301029995663981 0 0 0 0 0 0 0 0 0 0 0 0 0 0 0 0 0 0 0
Circoviridae 0 0 0.301029995663981 0 0 0 0 0 0.477121254719662 0 0 0 0.301029995663981 0.778151250383644 0.301029995663981 0 0.602059991327962 0.778151250383644 0.903089986991944 0.778151250383644 0 0.602059991327962 0.301029995663981 0 0 0 0.301029995663981 0 0.301029995663981 0.301029995663981 0 0 0 0 0.301029995663981 0 0 0 0 1.30102999566398 0.954242509439325 0 0 0 0.301029995663981 0.477121254719662 0.778151250383644 0.477121254719662 0.477121254719662 0.602059991327962 0.602059991327962 0 0.301029995663981 0 1.04139268515823 0.301029995663981 0.301029995663981
Clavaviridae 0 0 0 0 0 0 0 0.477121254719662 0 0 0 0 0 0 0 0 0 0 0 0 0 0 0 0 0 0 0 0 0 0 0 0 0 0 0 0 0 0 0 0 0 0 0 0 0 0 0 0 0 0 0 0 0 0 0 0 0
Closteroviridae 0 0 0 0.301029995663981 0.301029995663981 0.477121254719662 0 0.602059991327962 0 0 0 0.477121254719662 0.301029995663981 0 0 0.477121254719662 0 0 0 0.477121254719662 0 0.698970004336019 0 0 0 0 0 0 0 0 0 0 0.698970004336019 0 0 0 0 0.301029995663981 0 0 0 0 0 0 0.301029995663981 0 0 0 0 0 0 0 0 0.301029995663981 0 0.301029995663981 0
Coronaviridae 0 0.778151250383644 0.778151250383644 0.602059991327962 1 0.602059991327962 0.301029995663981 0.698970004336019 0.903089986991944 1.39794000867204 0 0.698970004336019 0.301029995663981 0.845098040014257 0 0.845098040014257 0.301029995663981 0.602059991327962 0.698970004336019 1.36172783601759 1.44715803134222 1.17609125905568 1 0.602059991327962 0.602059991327962 0 0.602059991327962 0.954242509439325 1 0.954242509439325 0.477121254719662 0 0.778151250383644 0.477121254719662 0 0.477121254719662 0.477121254719662 0.477121254719662 0.602059991327962 0.903089986991944 0.698970004336019 0 0 0.903089986991944 1.17609125905568 0.954242509439325 0.602059991327962 0.477121254719662 0 0.602059991327962 0.698970004336019 0.301029995663981 0.301029995663981 1.07918124604762 0.954242509439325 0.301029995663981 0.301029995663981
Deltaflexiviridae 0 0 0 0 0 0 0 0 0 0 0 0 0 0 0 0.602059991327962 0 0 0 0 0 0 0 0 0 0 0 0 0 0 0 0 0 0 0 0 0 0 0 0 0 0 0 0 0 0 0 0 0 0 0 0 0 0 0 0 0
Dicistroviridae 0 0 0 0 0 0 0 0 0 0.477121254719662 0.477121254719662 1.07918124604762 0.903089986991944 0 0 0 0.477121254719662 0.477121254719662 0.301029995663981 0.903089986991944 0 0 0 1.23044892137827 0.954242509439325 0.698970004336019 0 0 0.301029995663981 0.301029995663981 0.301029995663981 0 0 0.778151250383644 0.477121254719662 0 0.954242509439325 0.602059991327962 1.14612803567824 0.301029995663981 0 0.477121254719662 0 0 0 0.301029995663981 0.301029995663981 0 0 0 0 1.41497334797082 1.27875360095283 0 0 0 0
Endornaviridae 0 0 0 0 0 0 0 0 0 0 0 0 0 0 0 0.602059991327962 0 0 0 0.477121254719662 0 0 0.301029995663981 0 0.477121254719662 0 0 0 0 0 0 0 0 0 0 0 0 0 0 0 0 0 0 0.301029995663981 0 0.301029995663981 0 0 0 0 0 0.698970004336019 0 0 0 0 0.301029995663981
Euroniviridae 0 0 0 0 0 0 0 0 0 0 0 0 0 0 0 0 0 0 0 0 0.301029995663981 0 0 0 0 0 0 0 0 0 0 0 0 0 0 0 0 0 0 0 0 0 0 0 0 0 0 0 0 0 0 0 0 0 0 0 0
Filoviridae 0 0 0 0 0 0 0.845098040014257 0.602059991327962 0.301029995663981 0.301029995663981 0 0 0 0.301029995663981 0 0 0 0 0 1 0.778151250383644 0.301029995663981 0.698970004336019 0 0 0 0 0 0.301029995663981 0.301029995663981 0 0.477121254719662 0.698970004336019 0 0 0 0 0 0 0.477121254719662 0 0 0 0 0 0 0 0 0 0 0 0.301029995663981 0 0 0 0 0.301029995663981
Fimoviridae 0 0 0 0 0 0 0 0 0 0 0 0 0.301029995663981 0 0 0 0 0 0 0 0 0 0 0 0 0 0 0 0 0 0 0 0 0 0 0 0 0 0.301029995663981 0 0 0 0 0 0 0 0 0 0 0 0 0 0 0 0 0 0
Flaviviridae 0.698970004336019 1.27875360095283 1.20411998265592 1.14612803567824 1.04139268515823 1.11394335230684 1.07918124604762 0.845098040014257 0.698970004336019 0.954242509439325 0.954242509439325 1.17609125905568 0.778151250383644 1.07918124604762 0.778151250383644 1.32221929473392 1.04139268515823 1.14612803567824 1.30102999566398 1.23044892137827 1.07918124604762 1.51851393987789 1.07918124604762 0.778151250383644 0.845098040014257 0.301029995663981 1.23044892137827 0.845098040014257 1.11394335230684 1.14612803567824 0.477121254719662 0.602059991327962 0.903089986991944 0.698970004336019 0.845098040014257 0.845098040014257 0.698970004336019 0.845098040014257 1.17609125905568 1 0.903089986991944 1.07918124604762 0.477121254719662 1.07918124604762 1.38021124171161 1.04139268515823 0.903089986991944 0.602059991327962 0.477121254719662 0.698970004336019 0 0.477121254719662 0.602059991327962 1.30102999566398 0.778151250383644 0.954242509439325 0.698970004336019
Fusariviridae 0 0 0 0 0 0 0 0.301029995663981 0 0 0 0 0 0 0 0 0.301029995663981 0 0.477121254719662 0 0 0 0 0 0 0 0 0 0.301029995663981 0 0 0 0 0 0 0 0 0 0 0 0 0 0 0 0 0 0 0 0 0 0 0 0 0 0 0 0
Fuselloviridae 0 0 0 0 0 0 0 0 0 0 0 0 0 0 0 0 0 0 0 0.477121254719662 0 0.301029995663981 0 0.301029995663981 0 0 0 0 0 0 0 0 0 0 0 0 0 0 0 0 0 0.301029995663981 0 0 0 0 0 0 0 0 0 0 0 0 0 0 0
Gammaflexiviridae 0 0 0 0 0 0 0 0 0 0 0 0 0 0 0 0 0 0 0 0 0 0 0 0 0 0 0 0 0 0 0 0 0 0 0 0 0.301029995663981 0 0 0 0 0 0 0.301029995663981 0 0 0 0 0 0 0 0 0 0 0 0 0
Geminiviridae 0 0.301029995663981 0 0 0 0 0.301029995663981 0.602059991327962 0.698970004336019 0.301029995663981 0.301029995663981 0.477121254719662 0.477121254719662 0.698970004336019 0.301029995663981 0.698970004336019 0.477121254719662 0.477121254719662 0 0.903089986991944 1.27875360095283 0.602059991327962 0.301029995663981 0 0.301029995663981 0 0.602059991327962 0.698970004336019 0 0.301029995663981 0 0 0.301029995663981 0.698970004336019 0.698970004336019 0.602059991327962 0 0 0.477121254719662 0.477121254719662 0.477121254719662 0 0 0.477121254719662 0.845098040014257 0.477121254719662 0.301029995663981 0.301029995663981 0.301029995663981 0.477121254719662 0 0 0.477121254719662 0.778151250383644 0.477121254719662 0 0
Genomoviridae 0.477121254719662 0.301029995663981 0 0 0 0.477121254719662 0 0 0 0 0 0 0 0 0 0 0 0 0 0.301029995663981 0 0.301029995663981 0 0 0 0 0 0 0 0 0.301029995663981 0.301029995663981 0 0 0 0 0 0 0 0.301029995663981 0 0 0 0 0 0 0 0 0 0 0 0 0 0 0 0.301029995663981 0.301029995663981
Globuloviridae 0 0 0 0 0 0 0 0 0 0 0 0 0 0 0 0 0 0 0 0 0 0 0 0 0 0 0 0 0 0 0 0 0 0 0 0 0 0 0 0 0 0 0 0 0 0 0.301029995663981 0 0 0 0 0 0 0 0 0 0
Hantaviridae 0 0 0 0 0 0.301029995663981 0 0 0.477121254719662 0 0 0.301029995663981 0 0 0 0.301029995663981 0 0 0 0 0 0.301029995663981 0 0 0 0 0.301029995663981 0.301029995663981 0 0.301029995663981 0 0 0 0 0 0 0 0 0.301029995663981 0 0 0 0 0 0 0 0 0 0 0 0 0 0 0 0 0 0
Hepadnaviridae 0.778151250383644 1.47712125471966 1.32221929473392 1.36172783601759 1.51851393987789 1.27875360095283 1.25527250510331 1 0.477121254719662 1.11394335230684 0.301029995663981 0.477121254719662 0.698970004336019 2.75050839485135 0.301029995663981 1.72427586960079 0.698970004336019 0.602059991327962 0.778151250383644 1.51851393987789 1.32221929473392 1.04139268515823 0.778151250383644 0.845098040014257 0.602059991327962 0.477121254719662 0.698970004336019 0.477121254719662 0 0.301029995663981 1 0.477121254719662 0.602059991327962 0.477121254719662 0.602059991327962 0.845098040014257 0 0.602059991327962 0.778151250383644 2.92737036303902 2.79448804665917 0.477121254719662 0 1.36172783601759 1.5910646070265 1.23044892137827 0.301029995663981 0.301029995663981 0.301029995663981 0.602059991327962 0.477121254719662 1.17609125905568 0.698970004336019 1.44715803134222 2.84260923961056 0.477121254719662 0.602059991327962
Hepeviridae 0.477121254719662 0 0 0 0 0 0 0 0.477121254719662 0 0 0 0 0 0 0.845098040014257 0.477121254719662 0.301029995663981 0.301029995663981 0.602059991327962 0.698970004336019 0.301029995663981 0 0.477121254719662 0.477121254719662 0 0 0.477121254719662 0 0 0 0 0 0 0.301029995663981 0 0 0 0 0 0 0.477121254719662 0 0 0 0.301029995663981 0.301029995663981 0 0 0.477121254719662 0.477121254719662 0.602059991327962 0.301029995663981 0.778151250383644 0.301029995663981 0.778151250383644 0
Herelleviridae 0.301029995663981 0.698970004336019 0.477121254719662 0.954242509439325 0.954242509439325 0.602059991327962 0 0 0.477121254719662 0.477121254719662 0.301029995663981 1.04139268515823 1.17609125905568 0.602059991327962 0.954242509439325 1.14612803567824 0.477121254719662 0.301029995663981 0.301029995663981 0.477121254719662 0.778151250383644 0.602059991327962 0 0.477121254719662 0.301029995663981 0.301029995663981 0 0 0.301029995663981 0 0.602059991327962 0 0 0.301029995663981 0.301029995663981 0.301029995663981 0.903089986991944 1 0.903089986991944 0.602059991327962 0.602059991327962 0.845098040014257 0.301029995663981 1.07918124604762 0.954242509439325 0.698970004336019 0.602059991327962 0.301029995663981 0 0 0 0 0 1.07918124604762 0.602059991327962 1.20411998265592 0
Herpesviridae 1.51851393987789 1.44715803134222 1.07918124604762 1.17609125905568 1 1.14612803567824 1.43136376415899 1.47712125471966 1.47712125471966 1.54406804435028 1.17609125905568 1.27875360095283 1.04139268515823 1.38021124171161 1.41497334797082 1.72427586960079 1.7481880270062 1.83250891270624 1.86332286012046 1.89209460269048 1.55630250076729 1.63346845557959 1.11394335230684 1.43136376415899 1.27875360095283 0.954242509439325 1.14612803567824 1.34242268082221 1.53147891704226 1.20411998265592 1.72427586960079 1.20411998265592 1.39794000867204 1.11394335230684 1.23044892137827 0.903089986991944 0.602059991327962 0.954242509439325 1.25527250510331 1.20411998265592 1.27875360095283 1.07918124604762 0.301029995663981 1.70757017609794 1.75587485567249 1.49136169383427 1.7481880270062 1.23044892137827 1.11394335230684 0.954242509439325 1.07918124604762 1.20411998265592 1.11394335230684 1.69019608002851 1 1.39794000867204 1.23044892137827
Hypoviridae 0 0 0 0 0 0 0.602059991327962 0.477121254719662 0 0 1 0 0 0 0 0 0 0 0.477121254719662 0 0.301029995663981 0 0 0.301029995663981 0.477121254719662 0 0 0 0 0 0 0 0 1.14612803567824 1.20411998265592 1 0 0 0 0 0 0 0 0 0 0 0.301029995663981 0 0 0.698970004336019 0 0 0.301029995663981 0 0 0 0
Hytrosaviridae 0 0 0.301029995663981 0 0 0 0 0.477121254719662 0 0 0 0.301029995663981 0.301029995663981 0.301029995663981 0 0.301029995663981 0 0 0 0.477121254719662 0 0 0 0 0 0 0 0 0 0.301029995663981 0 0 0 0 0.301029995663981 0 0 0 0 0 1 0 0 0.301029995663981 0.301029995663981 0 0 0 0 0 0 0 0 0 0.301029995663981 0 0
Iflaviridae 0 0 0 0 0 0 0 0 0 0 0 0 0 0.301029995663981 0 0 0.477121254719662 0.301029995663981 0.301029995663981 0.477121254719662 0.301029995663981 0 0 0.301029995663981 0.301029995663981 0 0 0.301029995663981 0.301029995663981 0 0 0 0 0 0 0 0 0 0.477121254719662 0 0 0 0 0 0 0 0 0 0 0 0 0 0.301029995663981 0 0 0 0
Inoviridae 0 0.301029995663981 0 0 0 0 0 0 0 0 0 0 0 0 0 0 0 0 0 0 0 0 0 0 0 0 0 0 0 0 0 0 0 0 0 0 0 0 0.301029995663981 0 0 0 0 0 0.301029995663981 0 0 0 0 0 0 0.301029995663981 0 0 0 0 0
Iridoviridae 1.30102999566398 1.23044892137827 1.30102999566398 1.11394335230684 1.14612803567824 1.20411998265592 1.47712125471966 1.55630250076729 1.14612803567824 1.39794000867204 1.34242268082221 1.83250891270624 1.04139268515823 1.68124123737559 1.64345267648619 1.43136376415899 1.63346845557959 1.53147891704226 1.69897000433602 2.00432137378264 1.55630250076729 1.61278385671974 1.11394335230684 0.954242509439325 0.845098040014257 0.301029995663981 1.36172783601759 1.27875360095283 1.46239799789896 1.11394335230684 1.30102999566398 1 1.81291335664286 1.23044892137827 1.27875360095283 1.34242268082221 0.903089986991944 0.778151250383644 1.53147891704226 1.78532983501077 1.5910646070265 1.64345267648619 0.903089986991944 1.23044892137827 1.5910646070265 1.56820172406699 1.5910646070265 0.477121254719662 0.845098040014257 1.07918124604762 0.698970004336019 0.845098040014257 0.698970004336019 1.51851393987789 1.61278385671974 1.76342799356294 1.11394335230684
Lavidaviridae 0 0 0 0 0 0 0 0 0 0 0 0.477121254719662 0.301029995663981 0 0 0.301029995663981 0 0 0 0 0.602059991327962 0.301029995663981 0 0.301029995663981 0 0 0 0 0.301029995663981 0.301029995663981 0 0 0 0 0 0.301029995663981 0.698970004336019 0.301029995663981 0.778151250383644 0 0 0 0 0 0.301029995663981 0 0 0 0 0 0 0.301029995663981 0 0 0 0 0.301029995663981
Leviviridae 0.301029995663981 0 0 0 0 0 0 0 0 0.954242509439325 0.301029995663981 0.301029995663981 0 0 0 0 0 0 0 1.04139268515823 0.301029995663981 0 0.301029995663981 0.301029995663981 0.301029995663981 0.301029995663981 0 0.477121254719662 0 0.301029995663981 0.778151250383644 0 0.903089986991944 0 0 0.477121254719662 0 0 0 0 0 0 0 0 0 0 0 0.301029995663981 0 0.301029995663981 0 0 0 0.301029995663981 0 0.477121254719662 0
Lipothrixviridae 0 0 0 0 0 0 0 0 0 0 0 0 0.301029995663981 0 0 0.477121254719662 0 0 0 0 0 0 0 0 0 0 0 0.301029995663981 0 0 0 0 0 0 0 0 0 0.301029995663981 0 0 0 0.301029995663981 0 0 0 0 0 0 0 0 0 0 0 0 0 0 0
Luteoviridae 0 0.477121254719662 0 0 0 0 0 0.301029995663981 0.301029995663981 0 0 0 0 0.301029995663981 0 0.477121254719662 0.301029995663981 0 0 0.301029995663981 0 0.602059991327962 0.301029995663981 0.301029995663981 0 0 0 0 0 0.301029995663981 0 0 0 0 0 0 0.301029995663981 0 0 0 0.477121254719662 0 0 0 0 0.301029995663981 0.301029995663981 0 0 0 0 0.301029995663981 0 0.477121254719662 0 0 0
Malacoherpesviridae 0 0 0 0 0 0 0 0 0 0 0 0 0 0 0 0 0 0 0 0 0 0 0 0 0 0 0 0 0 0 0 0 0 0 0 0 0 0 0 0 0 0 0 0.301029995663981 0 0.301029995663981 0 0 0 0 0 0 0 0.477121254719662 0 0 0
Marnaviridae 0 0 0 0 0 0 0 0 0 0 0.301029995663981 0 0 0 0 0 0 0 0 0 0 0 0 0 0 0 0 0.301029995663981 0.477121254719662 0.301029995663981 0 0 0 0.301029995663981 0.301029995663981 0.301029995663981 0.301029995663981 0 0 0 0 0 0 0 0 0 0 0 0 0 0 0 0 0.301029995663981 0 0 0
Marseilleviridae 0.845098040014257 1.07918124604762 0.778151250383644 0.602059991327962 0.954242509439325 1.04139268515823 1.04139268515823 1 0.778151250383644 0.602059991327962 0.845098040014257 1.51851393987789 0.845098040014257 1.04139268515823 0.698970004336019 1.17609125905568 1.54406804435028 1.6232492903979 1.44715803134222 1.30102999566398 1.17609125905568 1.23044892137827 1.11394335230684 0.602059991327962 0.698970004336019 0.477121254719662 1 0.477121254719662 0.602059991327962 0.778151250383644 1.30102999566398 0.954242509439325 1.04139268515823 1.30102999566398 0.845098040014257 0.903089986991944 0.698970004336019 0.778151250383644 1.07918124604762 1.34242268082221 1.04139268515823 0.477121254719662 0 0.845098040014257 1.07918124604762 1.07918124604762 1.74036268949424 0.301029995663981 0 0 0.301029995663981 0 0.602059991327962 1.20411998265592 1.25527250510331 0.602059991327962 0.903089986991944
Matonaviridae 0 0 0 0 0 0 0 0 0 0 0 0 0.301029995663981 0 0 0 0 0 0 0 0 0 0 0 0 0.301029995663981 0 0 0 0 0 0 0 0 0 0 0 0 0.301029995663981 0 0 0 0 0 0 0 0 0 0 0 0 0 0 0 0 0 0
Medioniviridae 0.301029995663981 0 0 0 0 0 0 0 0 0 0 0 0 0 0.301029995663981 0 0 0 0 0 0 0 0 0 0 0 0 0 0 0 0.477121254719662 0.477121254719662 0 0 0 0 0 0 0 0.301029995663981 0.301029995663981 0 0 0 0 0 0 0 0 0 0 0 0 0 0 0 0.301029995663981
Mesoniviridae 0 0 0 0 0 0 0 0 0 0 0 0 0 0 0 0.301029995663981 0 0 0.301029995663981 0 0 0 0.301029995663981 0 0 0 0 0 0 0 0 0 0 0 0 0 0 0 0 0 0 0 0 0.477121254719662 0 0.301029995663981 0 0 0 0 0 0 0 0 0 0 0
Metaviridae 0 0 0 0.301029995663981 0.602059991327962 0 0.301029995663981 0.477121254719662 0 0.845098040014257 0.602059991327962 0.903089986991944 0.602059991327962 0 1 0.477121254719662 0.301029995663981 0 0 0 0 0.477121254719662 0.602059991327962 0 0 0.301029995663981 0.301029995663981 0.301029995663981 0 0 0 0 0.301029995663981 1.17609125905568 0.845098040014257 0.602059991327962 0.301029995663981 0.954242509439325 0.301029995663981 0.301029995663981 0.301029995663981 0.778151250383644 0.301029995663981 0.778151250383644 0.903089986991944 0.698970004336019 0.301029995663981 0.698970004336019 0.903089986991944 0 0 0 0 0.698970004336019 0 0.698970004336019 0
Microviridae 0.477121254719662 1 0.698970004336019 1.17609125905568 0.301029995663981 0.778151250383644 0 0.602059991327962 0.477121254719662 0.602059991327962 0.477121254719662 0.477121254719662 0.477121254719662 0.477121254719662 0 0 0 0 0.477121254719662 0.698970004336019 0.698970004336019 0.477121254719662 0.301029995663981 0.477121254719662 0.301029995663981 0.301029995663981 0 0 0.301029995663981 0.477121254719662 0.301029995663981 0 0.301029995663981 0.698970004336019 0.301029995663981 0.477121254719662 0.602059991327962 0.602059991327962 0.698970004336019 0.301029995663981 0.778151250383644 0 0 0.698970004336019 0.602059991327962 0.301029995663981 0 0.301029995663981 0.301029995663981 0 0.301029995663981 0 0.301029995663981 0.301029995663981 0.301029995663981 0 0
Mimiviridae 1.79239168949825 2.22271647114758 2.06818586174616 2.00432137378264 2.01283722470517 2.01283722470517 2.15836249209525 1.89209460269048 1.98227123303957 2.39445168082622 1.70757017609794 1.5910646070265 1.60205999132796 2.06445798922692 2.0899051114394 2.27875360095283 1.92941892571429 2.02118929906994 1.9731278535997 2.77524625974024 2.20951501454263 2.55870857053317 2.03742649794062 1.46239799789896 1.54406804435028 1.04139268515823 2.2380461031288 2.42813479402879 2.3654879848909 2.3541084391474 2.01703333929878 1.49136169383427 2.19589965240923 1.88649072517248 1.88081359228079 1.83250891270624 1.43136376415899 1.27875360095283 1.69897000433602 2.21218760440396 1.99563519459755 1.83884909073726 1.25527250510331 2.19312459835446 2.32221929473392 2.13033376849501 1.89762709129044 1.43136376415899 1.23044892137827 1.36172783601759 1.30102999566398 1.54406804435028 1.36172783601759 2.16731733474818 2.04921802267018 1.95904139232109 1.7160033436348
Myoviridae 1.30102999566398 1.43136376415899 0.845098040014257 1.25527250510331 1.23044892137827 1.17609125905568 1.36172783601759 2.47856649559384 1.38021124171161 2.12710479836481 1.51851393987789 1.76342799356294 1.30102999566398 1.57978359661681 1.80617997398389 1.60205999132796 1.95424250943932 1.91381385238372 2.03742649794062 2.29885307640971 1.7160033436348 2.04139268515822 1.38021124171161 1.69019608002851 1.43136376415899 1.34242268082221 1.56820172406699 1.30102999566398 1.47712125471966 1.51851393987789 1.46239799789896 1.04139268515823 1.5910646070265 1.46239799789896 1.43136376415899 1.6232492903979 1.32221929473392 1.25527250510331 1.66275783168157 1.60205999132796 1.46239799789896 1.55630250076729 1.14612803567824 1.60205999132796 1.66275783168157 1.55630250076729 1.96848294855394 1.57978359661681 1.43136376415899 1.68124123737559 1.20411998265592 1.47712125471966 1.32221929473392 1.56820172406699 1.53147891704226 1.65321251377534 1.38021124171161
Nairoviridae 0 0 0 0 0 0 0 0 0.301029995663981 0 0 0 0 0.477121254719662 0.301029995663981 0.954242509439325 0 0 0 0.602059991327962 0 0.301029995663981 0.301029995663981 0 0 0 0 0.301029995663981 0 0 0 0 0 0 0 0 0 0 0 0.301029995663981 0.477121254719662 0.301029995663981 0 0.778151250383644 1.14612803567824 1.11394335230684 0 0 0 0 0 0 0 1.17609125905568 0 0 0
Nanoviridae 0 0 0 0 0 0 0 0 0 0 0 0 0 0 0 0 0 0 0 0 0 0 0 0 0.301029995663981 0 0 0 0 0 0 0 0 0 0 0.301029995663981 0 0 0 0 0 0 0 0 0 0 0 0 0 0 0.301029995663981 0 0 0 0 0 0
Narnaviridae 0 0 0 0 0 0 0 0.477121254719662 0.301029995663981 0 0.301029995663981 0.301029995663981 0 0 0 0 0 0.301029995663981 0.477121254719662 0.301029995663981 0 0.301029995663981 0 0 0 0 0.301029995663981 0.301029995663981 0.301029995663981 0 0 0 0 0 0.301029995663981 0 0 0 0.301029995663981 0.301029995663981 0 0 0 0 0.477121254719662 0 0 0 0 0 0 0.301029995663981 0 0 0 0.477121254719662 0
Nimaviridae 0.954242509439325 0 0.301029995663981 0 0.477121254719662 0.301029995663981 0.698970004336019 0.602059991327962 0.301029995663981 0.301029995663981 0.477121254719662 0.477121254719662 0.602059991327962 0.301029995663981 0.301029995663981 0.477121254719662 0.602059991327962 0.477121254719662 0.778151250383644 0.954242509439325 0.602059991327962 0.477121254719662 0.698970004336019 0.602059991327962 0.477121254719662 0.301029995663981 0.301029995663981 0.602059991327962 0.477121254719662 0.477121254719662 0.301029995663981 0 0.602059991327962 0 0.301029995663981 0 0.301029995663981 0 0.301029995663981 0 0.602059991327962 0 0 1.17609125905568 0.602059991327962 0.602059991327962 0.602059991327962 0.301029995663981 0.301029995663981 0 0.301029995663981 0.602059991327962 0.954242509439325 0.903089986991944 0.301029995663981 0.698970004336019 0.778151250383644
Nodaviridae 0 0 0 0 0 0 0 0 0 0 0 0 0 0 0.301029995663981 0 0 0 0 0.301029995663981 0.301029995663981 0 0 0 0 0 0 0 0 0 0 0 0 0 0 0 0 0 0 0 0 0.477121254719662 0 0 0 0 0 0 0 0 0 0 0 0 0 0.477121254719662 0
Nudiviridae 0 0 0 0 0 0 0.477121254719662 0 0.477121254719662 0 0.301029995663981 0.698970004336019 0.477121254719662 0 0.477121254719662 0 0.477121254719662 0.301029995663981 0.698970004336019 0.845098040014257 0.778151250383644 0 0 0.301029995663981 0.477121254719662 0.301029995663981 0.301029995663981 0.477121254719662 0.301029995663981 0 0 0 0.698970004336019 0 0 0 0 0.301029995663981 0.903089986991944 0 0 0 0 0 0 0 0.301029995663981 0 0 0 0.301029995663981 0.602059991327962 0.301029995663981 0 0 0.301029995663981 0
Nyamiviridae 0 0 0 0 0 0 0 0 0 0 0 0 0 0 0 0 0 0 0 0 0 0 0 0 0 0 0 0 0 0 0 0 0 0 0 0 0 0 0 0 0 0 0 0 0 0 0 0 0 0 0 0 0 0 0 0 0
Orthomyxoviridae 0.477121254719662 0.602059991327962 0 0 0 0.301029995663981 0.477121254719662 0.301029995663981 0.477121254719662 0.602059991327962 0.301029995663981 0.301029995663981 0.477121254719662 0 0.301029995663981 0.698970004336019 0.602059991327962 0.602059991327962 0.301029995663981 0.698970004336019 0.602059991327962 0.477121254719662 0.301029995663981 0.477121254719662 0 0 0.778151250383644 0.698970004336019 0.477121254719662 0.602059991327962 0 0 0.477121254719662 0 0.301029995663981 0.301029995663981 0.477121254719662 0.602059991327962 0.477121254719662 0.778151250383644 0.301029995663981 0 0 0.301029995663981 0.602059991327962 0.602059991327962 0.602059991327962 0.477121254719662 0.477121254719662 0 0 0 0 0.698970004336019 0 0.301029995663981 0.301029995663981
Papillomaviridae 0.301029995663981 1.04139268515823 0.778151250383644 0.778151250383644 0.477121254719662 0.845098040014257 0.778151250383644 0.778151250383644 0.301029995663981 0.954242509439325 0.602059991327962 0.602059991327962 0.602059991327962 0.778151250383644 0.477121254719662 1.23044892137827 0.903089986991944 0.845098040014257 0.903089986991944 1.04139268515823 0.698970004336019 0.845098040014257 0.477121254719662 0.602059991327962 0.845098040014257 0.698970004336019 0.698970004336019 1.11394335230684 0.903089986991944 0.301029995663981 0.477121254719662 0.301029995663981 0.602059991327962 0 0 0.301029995663981 0.477121254719662 0.301029995663981 0.477121254719662 0.698970004336019 0.954242509439325 0.301029995663981 0 1.17609125905568 1.17609125905568 0.954242509439325 0.698970004336019 0.477121254719662 0.301029995663981 0.602059991327962 0.301029995663981 0.602059991327962 0.602059991327962 0.778151250383644 0.778151250383644 0.778151250383644 0.477121254719662
Paramyxoviridae 0 0.602059991327962 0 0 0.301029995663981 0.477121254719662 0 0 0.301029995663981 0.301029995663981 0 0.477121254719662 0.477121254719662 0.602059991327962 0.602059991327962 0 0.301029995663981 0.301029995663981 0 0.845098040014257 0.301029995663981 0 0.301029995663981 0.301029995663981 0 0 0.477121254719662 0 0.301029995663981 0 0.301029995663981 0 0 0 0 0 0.477121254719662 0.301029995663981 0.602059991327962 0.778151250383644 0.477121254719662 0.477121254719662 0 0.602059991327962 0.698970004336019 0 0 0 0 0 0 0.301029995663981 0.477121254719662 0 0.301029995663981 0.301029995663981 0
Partitiviridae 0 0 0 0 0 0 0.477121254719662 0 0 0 0 0 0 0 0 0 0.301029995663981 0.602059991327962 0.477121254719662 0.301029995663981 0.477121254719662 0 0 0 0 0 0 0.301029995663981 0 0.301029995663981 0 0 0 0 0 0 0 0 0 0 0.301029995663981 0.301029995663981 0 0.698970004336019 0 0 0.301029995663981 0 0 0 0 0 0 0 0.301029995663981 0 0
Parvoviridae 1.76342799356294 1.60205999132796 1.43136376415899 1.54406804435028 1.23044892137827 1.57978359661681 2.75127910398334 1.99563519459755 1.30102999566398 2.19033169817029 0.477121254719662 0.301029995663981 0.477121254719662 1.44715803134222 1 0.301029995663981 2.41329976408125 2.40823996531185 2.55144999797288 1.6232492903979 1.30102999566398 0.778151250383644 0.602059991327962 0.301029995663981 0.698970004336019 0 0.698970004336019 1 0 0 1.89209460269048 1.44715803134222 2.44090908206522 0.602059991327962 0.477121254719662 0.477121254719662 0.477121254719662 0.602059991327962 0.301029995663981 1.56820172406699 1.34242268082221 0.602059991327962 0 0 0 0.301029995663981 2.44715803134222 0 0 0 0 0.301029995663981 0 0 1.23044892137827 0.602059991327962 1.53147891704226
Peribunyaviridae 0 0 0.301029995663981 0 0 0.301029995663981 0 0 0 0.301029995663981 0 0.477121254719662 0 0 0.903089986991944 0 0 0 0 0.301029995663981 0.301029995663981 0.301029995663981 0 0 0 0 0 0.477121254719662 0.301029995663981 0 0 0 0.301029995663981 0 0 0.301029995663981 0.477121254719662 0.301029995663981 0.301029995663981 0 0.477121254719662 0.301029995663981 0.301029995663981 0 0 0 0 0 0 0.301029995663981 0 0 0 0.477121254719662 0 0.698970004336019 0
Phenuiviridae 0 0.301029995663981 0.602059991327962 0.301029995663981 0.477121254719662 0.477121254719662 0.301029995663981 0.301029995663981 0.602059991327962 0.778151250383644 0.602059991327962 0 0.477121254719662 0.301029995663981 0.301029995663981 1.25527250510331 0.477121254719662 0.477121254719662 0.845098040014257 1.17609125905568 0 0.602059991327962 0 0.301029995663981 0 0 0.301029995663981 0.301029995663981 0.477121254719662 0 0 0 0.778151250383644 0.954242509439325 0.477121254719662 0.778151250383644 0 0 0 0.477121254719662 0 0 0.301029995663981 0.903089986991944 0.954242509439325 0.698970004336019 0.698970004336019 0 0 0 0 0 0 0.602059991327962 0.301029995663981 0 0.301029995663981
Phycodnaviridae 0.698970004336019 1.49136169383427 1.20411998265592 1.23044892137827 1.11394335230684 1.34242268082221 1.44715803134222 1.32221929473392 1.14612803567824 1.65321251377534 0.903089986991944 1.77815125038364 1.23044892137827 1.44715803134222 1.17609125905568 1.39794000867204 1.04139268515823 1.23044892137827 1.30102999566398 1.6232492903979 1.47712125471966 1.6232492903979 1.04139268515823 1.49136169383427 1.49136169383427 0.954242509439325 1.27875360095283 1.34242268082221 1.34242268082221 1.39794000867204 0.602059991327962 0.477121254719662 1.53147891704226 1.11394335230684 0.845098040014257 0.954242509439325 0.954242509439325 1.04139268515823 1.44715803134222 1.44715803134222 1.51851393987789 1 0.301029995663981 1.38021124171161 1.43136376415899 1.23044892137827 1.39794000867204 1.32221929473392 1.04139268515823 1.38021124171161 0.778151250383644 1.50514997831991 1.47712125471966 1.20411998265592 1.44715803134222 0.903089986991944 0.602059991327962
Picobirnaviridae 0 0 0 0 0 0 0 0 0 0 0.698970004336019 0 0 0 0 0 0.477121254719662 0 0 0 0 0 0 0 0 0 0.301029995663981 0 0 0 0 0 0 0 0.301029995663981 0.477121254719662 0 0 0 0 0.301029995663981 0 0 0.301029995663981 0 0.301029995663981 0 0 0 0 0 0 0 0.477121254719662 0 0 0
Picornaviridae 0.301029995663981 0.778151250383644 0.698970004336019 0.778151250383644 0.778151250383644 1.07918124604762 1.11394335230684 1.07918124604762 1.07918124604762 1.50514997831991 1.04139268515823 1.82607480270083 1.47712125471966 1.20411998265592 0.778151250383644 0.301029995663981 0.477121254719662 0.903089986991944 0.845098040014257 1.27875360095283 1.25527250510331 1.14612803567824 0.477121254719662 0.778151250383644 0.602059991327962 0.477121254719662 0.698970004336019 0.698970004336019 0.698970004336019 0.778151250383644 0.477121254719662 0.477121254719662 0.903089986991944 1.11394335230684 0.954242509439325 1.20411998265592 1.39794000867204 1.46239799789896 1.76342799356294 1.34242268082221 1.14612803567824 0.477121254719662 0 0.602059991327962 0.954242509439325 0.477121254719662 0.698970004336019 0.477121254719662 0.602059991327962 0.301029995663981 0 1.11394335230684 0.845098040014257 0.698970004336019 1 0.477121254719662 0.602059991327962
Pithoviridae 0.698970004336019 1 0 0.778151250383644 0.778151250383644 1.11394335230684 1.32221929473392 0.778151250383644 0.698970004336019 1.44715803134222 0.845098040014257 1.20411998265592 1.04139268515823 0.845098040014257 1 1.54406804435028 1.23044892137827 1.17609125905568 1.23044892137827 1.61278385671974 0.778151250383644 1.39794000867204 0.903089986991944 0.845098040014257 1 0.698970004336019 1.46239799789896 1.36172783601759 1.25527250510331 1.36172783601759 0.903089986991944 0.602059991327962 1.20411998265592 0.903089986991944 0.954242509439325 1.07918124604762 0.301029995663981 0.845098040014257 1.14612803567824 0.698970004336019 0.778151250383644 0.698970004336019 0.477121254719662 1.50514997831991 1.5910646070265 1.56820172406699 1.20411998265592 0.602059991327962 0.778151250383644 0.954242509439325 1.04139268515823 0.602059991327962 0.301029995663981 1.7160033436348 0.845098040014257 0.845098040014257 0.602059991327962
Pleolipoviridae 0 0 0 0 0 0 0 0 0 0 0 0 0 0 0 0 0.301029995663981 0 0 0 0 0 0 0 0 0 0 0 0 0 0 0 0 0 0 0 0 0 0 0 0 0 0 0 0 0 0 0 0 0 0 0 0 0 0 0 0
Pneumoviridae 0 0 0 0 0 0 0 0 0.301029995663981 0.477121254719662 0 0 0 0 0 0 0 0 0 0.477121254719662 0 0.301029995663981 0 0.477121254719662 0 0.301029995663981 0 0 0 0 0 0.301029995663981 0 0 0.301029995663981 0 0 0 0 0 0.301029995663981 0 0 0 0 0.301029995663981 0 0.301029995663981 0 0 0 0 0.477121254719662 0.301029995663981 0 0.301029995663981 0
Podoviridae 1.11394335230684 1.17609125905568 1.17609125905568 0.477121254719662 1.14612803567824 0.954242509439325 0.845098040014257 1.23044892137827 0.903089986991944 1.04139268515823 0.698970004336019 1 0.903089986991944 1.14612803567824 0.845098040014257 1.04139268515823 1.32221929473392 1.25527250510331 1.25527250510331 1.51851393987789 1.36172783601759 1.32221929473392 0.845098040014257 1.14612803567824 1.11394335230684 0.698970004336019 0.903089986991944 1.34242268082221 0.903089986991944 1.34242268082221 1.17609125905568 0.778151250383644 1.36172783601759 0.698970004336019 0.845098040014257 1.14612803567824 1 0.477121254719662 0.845098040014257 0.845098040014257 1.04139268515823 0.698970004336019 0.301029995663981 1.07918124604762 1.17609125905568 1.11394335230684 1.34242268082221 0.602059991327962 0.602059991327962 0.954242509439325 0.301029995663981 1.07918124604762 1 1.17609125905568 1.04139268515823 0.698970004336019 0.845098040014257
Polycipiviridae 0 0 0 0 0 0 0 0 0 0 0.301029995663981 0 0 0 0 0 0 0 0 0 0 0 0 0.301029995663981 0 0 0 0 0 0 0 0 0 0 0.477121254719662 0 0 0 0 0 0 0 0 0 0 0 0 0 0 0.301029995663981 0 0 0 0 0 0 0
Polydnaviridae 0.778151250383644 0.602059991327962 0.301029995663981 0.477121254719662 0.477121254719662 0.698970004336019 1.14612803567824 0.778151250383644 0 1.20411998265592 1.11394335230684 1.34242268082221 1.39794000867204 0.602059991327962 1.04139268515823 0.845098040014257 1.11394335230684 1.20411998265592 0.602059991327962 1 2.25042000230889 1.44715803134222 1.11394335230684 0.845098040014257 0 0.602059991327962 1.36172783601759 0.954242509439325 0.301029995663981 0.778151250383644 1 0.778151250383644 0.954242509439325 1.11394335230684 0.954242509439325 1.38021124171161 1.17609125905568 1.04139268515823 1.50514997831991 1.14612803567824 1 0.845098040014257 0 0.954242509439325 0.778151250383644 0.903089986991944 0.778151250383644 0 0.301029995663981 0 0.301029995663981 0.477121254719662 0.477121254719662 0.778151250383644 0.778151250383644 0.845098040014257 1
Polyomaviridae 0 0 0 0 0 0 0.477121254719662 0 0 0.301029995663981 0 0 0 0 0.301029995663981 0.602059991327962 0 0 0 0.778151250383644 0 0.301029995663981 0.477121254719662 0 0 0 0 0 0 0 0.477121254719662 0 0.301029995663981 0.698970004336019 0.301029995663981 0.477121254719662 0.477121254719662 0.301029995663981 0 0 0 0 0 0.301029995663981 0 0.602059991327962 0 0.301029995663981 0 0.301029995663981 0 0.301029995663981 0.301029995663981 0.602059991327962 0 0 0
Potyviridae 0.301029995663981 0 0 0 0 0 0.301029995663981 0 0.477121254719662 0.477121254719662 0 0.301029995663981 0 0.477121254719662 0.477121254719662 0.301029995663981 0.477121254719662 0.602059991327962 0.301029995663981 0.477121254719662 0.477121254719662 0.778151250383644 0.477121254719662 0 0 0 0.301029995663981 0 0.301029995663981 0 0 0.301029995663981 0.778151250383644 0 0.301029995663981 0 0 0.477121254719662 0.301029995663981 0 0.301029995663981 0 0 0.301029995663981 0.602059991327962 0 0.301029995663981 0 0 0 0.301029995663981 0 0 0.301029995663981 0.301029995663981 0.477121254719662 0
Poxviridae 0.778151250383644 1.27875360095283 1.04139268515823 1.17609125905568 0.903089986991944 1 1.60205999132796 0.778151250383644 0.778151250383644 1.32221929473392 1.34242268082221 2.40312052117582 1 0.845098040014257 0.954242509439325 1.54406804435028 1.17609125905568 1.20411998265592 1.32221929473392 1.49136169383427 1.36172783601759 1.67209785793572 1.50514997831991 1.76342799356294 1.6232492903979 1.64345267648619 1.67209785793572 1.53147891704226 1.36172783601759 1.6232492903979 0.477121254719662 0.602059991327962 1.25527250510331 1.32221929473392 1.25527250510331 1.23044892137827 0.954242509439325 1.14612803567824 2.06818586174616 1.17609125905568 1 1.14612803567824 0.301029995663981 1.51851393987789 1.54406804435028 1.41497334797082 1.23044892137827 0.301029995663981 0.301029995663981 0.698970004336019 0.477121254719662 1.83250891270624 1.6232492903979 1.43136376415899 0.778151250383644 1.11394335230684 0.698970004336019
Qinviridae 0 0 0 0 0 0 0 0 0 0 0 0 0 0 0 0 0 0 0 0 0 0 0 0 0 0 0 0 0 0 0 0 0 0 0 0 0 0 0 0 0 0 0 0 0 0 0 0 0 0 0 0 0 0 0 0 0
Reoviridae 0.954242509439325 0.778151250383644 0.477121254719662 0.602059991327962 0.845098040014257 0.778151250383644 1.11394335230684 0 0.477121254719662 1 0.845098040014257 1.34242268082221 0.698970004336019 0.698970004336019 1.04139268515823 0.698970004336019 1.17609125905568 1.27875360095283 1.07918124604762 1.30102999566398 0.602059991327962 1.27875360095283 1.07918124604762 0.301029995663981 0.301029995663981 0.477121254719662 0.602059991327962 0.301029995663981 0 0 0.845098040014257 0.778151250383644 0.954242509439325 0.301029995663981 0.602059991327962 0.698970004336019 1.07918124604762 0.845098040014257 1.11394335230684 1.27875360095283 0.602059991327962 0.954242509439325 0.698970004336019 0.845098040014257 0.954242509439325 0.477121254719662 1 0.301029995663981 0.301029995663981 0.301029995663981 0.301029995663981 0.301029995663981 0.602059991327962 0.778151250383644 0.698970004336019 1.27875360095283 0.602059991327962
Retroviridae 1.73239375982297 2.07918124604762 1.96378782734556 1.90308998699194 1.92427928606188 1.96378782734556 1.83884909073726 1.79934054945358 1.88081359228079 2.08278537031645 1.69019608002851 2.14301480025409 1.92941892571429 1.67209785793572 2.01703333929878 2.13033376849501 1.96378782734556 2.02938377768521 1.89762709129044 2.48429983934679 2.38916608436453 2.45484486000851 1.81291335664286 2.16731733474818 2.02118929906994 1.89762709129044 2.16731733474818 2.14612803567824 2.08635983067475 2.10720996964787 1.76342799356294 1.47712125471966 1.94939000664491 1.93951925261862 1.98227123303957 1.98227123303957 1.57978359661681 1.79934054945358 2.02118929906994 1.86332286012046 1.68124123737559 1.70757017609794 1.07918124604762 2.14921911265538 2.23552844690755 2.02938377768521 1.89209460269048 1.32221929473392 1.50514997831991 1.55630250076729 1.23044892137827 2.15228834438306 1.88649072517248 2.07188200730613 1.67209785793572 1.66275783168157 1.53147891704226
Rhabdoviridae 0.301029995663981 0.845098040014257 0.301029995663981 0.903089986991944 0 0.778151250383644 0 0.602059991327962 0.602059991327962 0 0.477121254719662 0.602059991327962 0.602059991327962 0.602059991327962 0.477121254719662 0.301029995663981 0.301029995663981 0.477121254719662 0.602059991327962 0.845098040014257 0.845098040014257 0.845098040014257 0.301029995663981 0.301029995663981 0.477121254719662 0.301029995663981 0 0.301029995663981 0 0.477121254719662 0.602059991327962 0.301029995663981 0.477121254719662 0 0.301029995663981 0.301029995663981 0.301029995663981 0.301029995663981 0.477121254719662 0.477121254719662 0 0.602059991327962 0 0.301029995663981 0.698970004336019 0.301029995663981 0.301029995663981 0.301029995663981 0.477121254719662 0 0 0.301029995663981 0.301029995663981 0.778151250383644 0.477121254719662 0.845098040014257 0
Roniviridae 0 0 0 0.301029995663981 0 0 0 0 0 0 0 0 0 0 0 0 0 0 0 0 0 0 0 0 0 0 0 0 0 0 0 0 0 0 0 0 0.301029995663981 0 0 0 0 0 0 0 0 0 0 0 0 0 0 0 0 0 0 0 0
Rudiviridae 0 0 0 0 0 0 0 0 0 0 0 0 0 0 0 0 0 0 0 0 0 0 0 0 0 0 0 0 0 0 0 0 0 0 0 0 0 0 0 0 0 0 0 0 0 0 0 0 0 0 0 0 0 0 0 0.477121254719662 0
Secoviridae 0 0 0.301029995663981 0 0 0 0.477121254719662 0.301029995663981 0 1 0 0.477121254719662 0.301029995663981 0 0.477121254719662 0.602059991327962 0 0 0 0.477121254719662 1.38021124171161 0 0 0.954242509439325 0.698970004336019 0.477121254719662 0 0 0 0 0 0.301029995663981 0.477121254719662 0 0 0 0.301029995663981 0.301029995663981 0.301029995663981 0 0 0 0 0.602059991327962 0.301029995663981 0.602059991327962 0.602059991327962 0 0 0.301029995663981 0 0.903089986991944 0.698970004336019 0 0 0.301029995663981 0
Siphoviridae 1.50514997831991 1.79239168949825 1.50514997831991 1.46239799789896 1.43136376415899 1.51851393987789 1.77085201164214 2.55990662503611 1.46239799789896 2.37839790094814 1.50514997831991 1.69897000433602 1.38021124171161 1.69019608002851 1.76342799356294 1.89209460269048 2 2.06445798922692 2.10380372095596 3.16046853111904 2.03342375548695 2.10037054511756 1.44715803134222 1.7160033436348 1.54406804435028 1.27875360095283 1.64345267648619 1.70757017609794 1.47712125471966 1.65321251377534 1.57978359661681 1.27875360095283 2.03742649794062 2.07188200730613 1.73239375982297 1.85125834871908 1.25527250510331 1.23044892137827 1.43136376415899 1.78532983501077 1.80617997398389 1.6232492903979 1.14612803567824 1.63346845557959 1.83250891270624 1.69897000433602 2.07188200730613 1.36172783601759 1.14612803567824 1.69897000433602 1.04139268515823 1.53147891704226 1.20411998265592 1.79239168949825 1.66275783168157 1.80617997398389 1.36172783601759
Smacoviridae 0 0 0 0 0 0 0 0 0 0 0 0.301029995663981 0 0 0.301029995663981 0 0.301029995663981 0 0 0.477121254719662 0.301029995663981 0 0 0 0 0 0 0 0 0 0 0 0 0 0 0 0 0 0 0 0 0.477121254719662 0 0 0 0 0 0.477121254719662 0 0 0 0 0 0 0 0 0
Solemoviridae 0 0 0 0 0 0 0 0.301029995663981 0 0 0 0 0 0 0 0 0 0 0 0.301029995663981 0 0 0 0 0 0 0 0 0 0 0 0 0.301029995663981 0 0 0 0 0 0 0 0 0 0 0 0 0 0 0 0 0 0 0 0 0 0 0 0
Solinviviridae 0 0 0 0 0 0 0 0 0 0 0 0 0 0 0 0 0 0 0 0 0 0 0 0 0 0 0 0 0 0 0 0 0 0 0 0 0 0 0 0 0 0 0 0 0 0 0 0 0 0 0 0 0 0 0 0 0
Sphaerolipoviridae 0 0 0 0 0 0 0 0 0.301029995663981 0 0 0 0 0 0 0.477121254719662 0 0.301029995663981 0 0 0 0 0 0 0 0 0 0 0 0 0 0 0 0 0 0 0 0 0 0 0 0 0 0 0 0.301029995663981 0 0 0 0 0 0 0 0.301029995663981 0 0 0
Tectiviridae 0 0 0 0 0 0 0 0 0 0.301029995663981 0 0 0 0 0 0 0 0 0 0 0 0 0 0 0 0 0 0 0 0 0 0 0 0 0 0 0 0 0.301029995663981 0 0 0 0 0 0 0 0 0 0 0 0 0 0 0 0 0 0
Tobaniviridae 0 0 0 0 0 0 0 0.301029995663981 0.301029995663981 0 0 0 0.301029995663981 0.301029995663981 0 0.301029995663981 0 0 0 0.301029995663981 0 0 0.301029995663981 0 0 0.301029995663981 0 0 0.301029995663981 0 0 0 0 0 0 0 0 0.301029995663981 0 0.301029995663981 0 0 0 0 0.301029995663981 0 0 0 0 0 0 0 0 0.698970004336019 0 0.477121254719662 0
Togaviridae 0 0.301029995663981 0 0 0 0 0.301029995663981 0 0 0.477121254719662 0 0 0 0.477121254719662 0.602059991327962 0.301029995663981 0.301029995663981 1 0.602059991327962 1.7160033436348 0.301029995663981 0 0 0 0.301029995663981 0 0 0.301029995663981 0 0 0 0 0 0 0.602059991327962 0 0 0 0 0.477121254719662 0.477121254719662 0.301029995663981 0 0 0.301029995663981 0.477121254719662 0.698970004336019 0.301029995663981 0 0 0 0.477121254719662 0 0.301029995663981 0.698970004336019 0.477121254719662 0.301029995663981
Tombusviridae 0 0 0 0 0 0 0 0 0 0 0 0 0 0.301029995663981 0 0.301029995663981 0 0 0 0 0 0 0 0 0 0 0 0 0 0 0 0 0 0.301029995663981 0.301029995663981 0 0 0 0 0 0 0 0 0 0 0 0 0 0 0 0 0 0 0 0 0 0
Tospoviridae 0 0 0 0 0 0 0 0.698970004336019 0 0.845098040014257 0 0 0 0 0 0 0 0 0 0 0 0 0 0 0 0 0 0 0 0 0 0 0 0 0 0 0 0 0 0 0 0 0 0 0 0 0 0 0 0 0 0 0 0 0 0 0
Totiviridae 0 0 0 0 0 0 0.698970004336019 0.845098040014257 0.845098040014257 0.301029995663981 0.477121254719662 0.301029995663981 0 0.477121254719662 0 0.301029995663981 0.698970004336019 0.602059991327962 0.301029995663981 0.845098040014257 0 0 0 0 0 0 0 0 0.301029995663981 0 0.778151250383644 0 0.778151250383644 0.477121254719662 0 0.301029995663981 0 0.301029995663981 0 0 0.301029995663981 0 0 0 0.301029995663981 0 0.301029995663981 0 0 0 0 0 0.301029995663981 0.477121254719662 0 0 0
Turriviridae 0 0 0 0 0 0 0 0 0 0 0 0 0 0 0 0 0 0 0 0 0 0 0 0 0 0 0 0 0 0 0 0 0 0 0.602059991327962 0 0 0 0 0.301029995663981 0 0 0 0 0 0 0 0 0 0 0 0 0 0 0 0 0
Tymoviridae 0 0 0 0 0 0 0 0 0 0 0 0.477121254719662 0.602059991327962 0 0.602059991327962 0.602059991327962 0.301029995663981 0.301029995663981 0.301029995663981 0 0 0.602059991327962 0.301029995663981 0.698970004336019 0.954242509439325 0.477121254719662 0 0 0.301029995663981 0 0 0 0 0 0.477121254719662 0.301029995663981 0 0.301029995663981 0.477121254719662 0.301029995663981 0 0 0 0 0.301029995663981 0 0.301029995663981 0.477121254719662 0.477121254719662 0.477121254719662 0 0.477121254719662 0.698970004336019 0 0.477121254719662 0.698970004336019 0.301029995663981
unclassified 1.5910646070265 2.05307844348342 1.95904139232109 1.94939000664491 1.88649072517248 1.89762709129044 2.38021124171161 2.34439227368511 1.60205999132796 2.36735592102602 1.5910646070265 2.16435285578444 1.69897000433602 1.56820172406699 2.18752072083646 1.88081359228079 2.96894968098134 3.02366391819779 3.03462845662532 3.29600666931367 2.06445798922692 2.07188200730613 1.6232492903979 1.90848501887865 1.84509804001426 1.51851393987789 1.44715803134222 1.39794000867204 1.60205999132796 1.65321251377534 1.7160033436348 1.39794000867204 2.12057393120585 1.69019608002851 1.43136376415899 1.53147891704226 1.69019608002851 1.50514997831991 2.03742649794062 1.64345267648619 1.61278385671974 1.94939000664491 1.14612803567824 1.79934054945358 1.79934054945358 1.79239168949825 2.95904139232109 1.46239799789896 1.27875360095283 1.65321251377534 1.41497334797082 1.77085201164214 1.50514997831991 1.77815125038364 1.44715803134222 1.91381385238372 1.44715803134222
Virgaviridae 0 0 0 0 0 0 0 0 0 0 0 0 0.301029995663981 0 0 0 0 0 0 0 0 0.301029995663981 0.301029995663981 0.477121254719662 0.602059991327962 0 0 0 0.301029995663981 0 0 0 0 0.477121254719662 0 0 0 0 0.301029995663981 0 0 0 0.301029995663981 0 0 0 0 0 0 0 0 0 0 0 0 0 0
Xinmoviridae 0 0 0 0 0 0 0 0 0 0 0 0 0.301029995663981 0 0 0 0 0 0 0 0 0 0 0 0 0 0 0 0 0 0 0 0 0 0 0 0 0 0 0 0 0 0 0 0 0 0 0 0 0 0 0 0 0 0 0 0
