MG_ACA3 MG_DIP1 MG_DIP2 MG_DIP3 MG_DIP4 MG_DIP5 MG_FUN1 MG_FUN2 MG_FUN4 MG_FUN5 MG_GAL3 MG_MIL2 MG_MIL3 MG_MYC2 MG_PAC4 MG_PAV2 MG_PLE1 MG_PLE2 MG_PLE3 MG_POR2 MG_POR3 MG_POR4 MG_POR5 MG_STY1 MG_STY3 MG_STY4 MG_XEN1 MG_XEN3 MG_XEN4 MG_XEN5 MG_ACA1 MG_ACA2 MG_FUN3 MG_GAL1 MG_GAL4 MG_GAL5 MG_MIL1 MG_MIL4 MG_MIL5 MG_MYC1 MG_MYC3 MG_PAC2 MG_PAC3 MG_PAV1 MG_PAV4 MG_PAV5 MG_PLE4 MG_POC1 MG_POC2 MG_POC3 MG_POC4 MG_STY2 MG_STY5 MG_PAV3 MG_MYC4 MG_PAC5 MG_ACA4 MT_ACR4 MT_GAL3 MT_DIP2 MT_DIP4 MT_DIP5 MT_GAL1 MT_GAL2 MT_GAL4 MT_MYC3 MT_MYC4 MT_MYC5 MT_PAC1 MT_PAC2 MT_PAC3 MT_PAC4 MT_POC1 MT_POC2 MT_POC4 MT_POR2 MT_POR3 MT_STY1 MT_STY3 MT_DIP3 MT_ACR3 MT_ACR2 MT_MYC1 MT_POC3 MT_STY2 MT_STY4
Ackermannviridae 3 1 1 1 3 1 4 2 3 1 1 1 2 2 1 1 1 3 5 4 4 1 1 2 2 1 4 1 1 6 0 0 0 0 0 0 0 0 0 0 0 0 0 0 0 0 0 0 0 0 0 0 0 0 0 0 0 1 2 0 0 0 0 0 0 0 0 0 0 0 0 0 0 0 0 0 0 0 0 0 0 0 0 0 0 0
Adenoviridae 3 5 2 2 2 3 4 5 2 18 0 113 3 3 1 1 3 2 3 5 5 4 2 2 5 1 5 7 5 0 3 2 3 1 3 3 5 1 51 1 1 3 1 2 2 3 2 5 2 1 1 4 3 0 0 0 0 0 15 10 2 4 4 3 17 3 1 10 5 7 11 5 2 1 4 1 1 6 1 0 0 0 0 0 0 0
Adomaviridae 0 0 0 0 0 0 2 0 0 0 0 0 0 0 0 0 0 0 0 0 2 0 0 0 0 0 0 0 0 0 0 0 0 0 0 0 0 0 0 0 0 0 0 3 1 0 0 0 0 0 0 0 0 1 0 0 0 0 0 0 0 0 0 0 0 0 0 0 0 0 0 0 0 0 0 1 0 0 0 0 0 0 0 0 0 0
Alloherpesviridae 1 1 0 0 0 2 1 0 0 4 2 3 1 0 3 5 0 0 1 5 1 3 3 1 2 0 2 3 4 2 1 3 1 2 5 3 0 3 4 0 0 1 0 7 15 3 2 1 0 2 1 1 0 8 2 6 0 0 8 0 1 0 1 1 3 1 0 2 9 8 8 4 0 0 0 0 0 0 0 0 0 0 0 0 0 0
Alphaflexiviridae 0 3 3 1 3 1 0 0 0 1 0 2 0 0 0 0 0 0 0 11 0 3 1 0 0 1 0 0 0 0 0 0 0 0 0 1 1 0 1 0 0 0 0 0 3 0 1 0 1 0 0 1 2 2 0 0 0 0 0 0 1 0 0 0 0 0 0 0 0 0 0 0 0 0 0 0 1 0 0 0 0 0 0 0 0 0
Amalgaviridae 0 0 0 0 0 0 0 0 0 0 0 0 0 0 0 0 0 0 0 0 0 0 0 0 0 0 0 0 0 0 1 0 0 0 0 0 0 0 0 0 0 0 0 0 0 0 0 0 0 0 0 0 0 0 0 0 0 0 0 0 0 0 0 0 0 0 0 0 0 0 0 0 0 0 0 0 0 0 0 0 0 0 0 0 0 0
Ampullaviridae 0 0 0 0 0 0 0 0 0 0 0 0 0 0 0 0 0 0 0 1 0 0 0 0 0 0 0 0 0 0 0 0 0 0 0 0 0 0 0 0 0 0 0 0 0 0 0 0 0 0 0 0 0 0 0 0 0 0 0 0 0 0 0 0 0 0 0 0 0 0 0 0 0 0 0 0 0 0 0 0 0 0 0 0 0 0
Anelloviridae 1 1 0 0 1 1 2 1 0 5 1 0 1 4 1 3 1 7 2 2 7 2 0 3 0 3 4 0 4 0 2 4 0 1 2 1 0 0 0 3 3 0 0 2 0 3 0 1 1 3 0 2 2 1 0 0 3 0 4 0 1 1 1 0 8 0 0 0 2 0 1 1 0 0 0 0 0 0 1 1 0 0 0 0 0 0
Arenaviridae 0 1 0 0 0 0 1 1 0 0 0 0 0 0 0 2 0 1 1 1 2 1 3 0 0 0 0 0 0 0 0 0 0 1 1 1 0 1 0 0 0 1 0 2 0 0 0 1 0 0 0 0 0 0 1 0 0 0 0 0 1 1 0 0 0 0 0 1 3 0 2 0 0 0 0 0 0 0 0 2 0 0 0 0 0 0
Arteriviridae 0 6 8 5 5 8 2 5 2 6 3 5 3 9 4 2 1 10 8 17 2 10 0 3 2 1 1 0 1 1 3 2 13 7 6 2 1 2 1 9 6 3 0 8 7 5 4 1 1 1 0 2 0 2 8 5 4 0 12 1 4 1 9 4 7 2 1 2 9 5 9 2 0 0 0 1 1 2 0 1 1 0 0 0 0 0
Ascoviridae 0 0 0 0 1 0 3 0 0 3 0 2 0 0 0 0 0 0 0 50 15 7 3 0 0 0 0 0 0 0 1 0 13 0 0 0 0 0 0 0 0 1 0 0 2 0 0 0 0 0 0 0 0 1 0 0 0 0 0 1 0 0 2 0 0 0 0 1 0 0 0 0 0 0 0 1 2 0 0 0 0 0 0 0 0 0
Asfarviridae 0 2 1 0 0 0 1 0 0 1 0 2 0 0 1 33 1 1 2 2 2 1 1 0 0 0 3 2 0 0 0 0 0 0 0 1 0 0 1 0 0 0 0 31 23 31 0 0 0 0 0 0 1 14 0 0 0 0 2 0 0 0 1 0 0 0 0 0 2 0 0 1 0 0 0 0 0 0 0 1 0 0 0 0 0 0
Aspiviridae 0 0 0 0 0 0 0 0 0 0 0 0 0 0 0 0 0 0 0 0 0 0 0 0 0 0 0 0 0 0 0 0 0 0 0 0 0 0 1 0 0 0 0 0 0 0 0 0 0 0 0 0 0 0 0 0 0 0 0 0 0 0 0 0 0 0 0 0 0 0 0 0 0 0 0 0 0 0 0 0 0 0 0 0 0 0
Astroviridae 2 4 0 0 8 4 0 6 0 3 1 0 0 1 0 2 2 1 3 4 1 1 0 0 1 1 3 0 2 0 9 5 32 0 1 0 0 1 2 0 0 0 0 4 2 3 2 0 0 0 0 1 1 0 0 0 0 0 2 1 0 0 1 0 1 0 0 2 3 2 2 1 0 0 0 0 0 0 0 0 0 0 0 0 0 0
Baculoviridae 4 15 10 7 9 7 35 8 13 16 14 49 5 4 9 15 17 12 14 71 23 27 9 8 5 2 15 8 12 17 10 3 29 22 13 8 4 4 25 7 7 15 4 17 26 15 8 3 2 2 1 3 5 18 13 26 5 0 26 6 7 6 15 2 26 6 4 11 33 35 50 33 0 0 5 5 7 1 0 6 0 3 5 0 0 0
Benyviridae 0 0 0 0 1 0 0 0 0 0 0 1 0 0 0 0 0 0 0 0 0 0 0 0 0 0 0 0 0 0 0 0 0 0 0 0 0 0 2 0 0 0 0 0 0 0 0 0 0 0 0 0 0 0 0 0 0 0 0 0 0 0 0 0 0 0 0 0 0 0 0 0 0 0 0 0 0 0 0 1 0 0 0 0 0 0
Betaflexiviridae 0 0 1 2 2 0 1 1 3 0 0 1 0 1 0 0 0 0 0 2 1 2 0 0 1 0 0 1 2 0 0 0 1 2 0 0 0 0 2 0 0 0 0 0 5 0 1 0 0 0 0 0 0 0 2 0 0 0 3 0 0 0 0 0 1 1 0 1 0 1 0 0 0 0 0 0 0 1 0 0 1 0 0 0 0 0
Bicaudaviridae 1 0 0 0 0 0 0 0 0 0 0 0 0 0 0 0 0 0 0 0 0 0 0 0 0 0 0 0 0 0 0 0 0 0 0 0 0 0 0 0 0 0 0 0 0 0 0 0 0 0 0 0 0 0 0 0 0 0 0 0 0 0 0 0 1 0 0 0 0 0 0 0 0 0 0 0 0 0 0 0 0 0 0 0 0 0
Bidnaviridae 0 14 4 9 8 6 8 9 0 23 0 0 0 0 2 0 0 0 0 0 0 0 0 0 0 0 0 0 0 0 1 0 11 0 0 0 0 0 0 0 0 1 0 0 0 0 0 0 0 0 0 0 0 0 0 1 0 0 0 2 3 0 0 0 0 0 0 0 0 2 0 1 0 0 0 0 0 0 0 0 0 0 0 0 0 0
Birnaviridae 0 0 0 0 0 0 0 0 0 0 0 0 0 0 0 0 0 0 0 0 0 0 0 0 0 0 0 0 0 0 0 0 0 0 0 0 0 0 0 0 0 0 0 2 0 0 0 0 0 0 0 2 1 0 0 0 0 0 0 0 0 0 0 0 0 0 0 0 0 0 0 0 0 0 0 0 0 0 0 0 0 0 0 0 0 0
Bornaviridae 0 0 0 0 0 0 0 0 0 0 0 0 0 0 0 0 0 1 0 1 0 0 0 0 0 0 0 0 0 0 0 0 0 0 0 0 0 0 0 0 0 0 0 0 0 0 0 0 0 0 0 1 0 0 0 0 0 0 0 0 0 0 0 0 0 0 0 0 0 0 0 0 0 0 0 0 0 0 0 0 0 0 0 0 0 0
Botourmiaviridae 0 0 0 0 0 1 0 0 0 0 0 0 0 0 0 0 0 0 0 0 0 0 0 0 0 0 0 0 0 0 0 0 0 0 0 0 0 0 0 0 0 0 0 0 0 0 0 0 0 0 0 0 0 0 0 0 0 0 0 0 0 0 0 0 0 0 0 0 0 0 0 0 0 0 1 0 0 0 0 0 0 0 0 0 0 0
Bromoviridae 0 0 0 0 0 0 0 0 0 0 0 1 0 1 0 0 0 0 0 0 0 0 0 0 0 0 2 0 0 1 0 0 0 0 0 0 1 0 0 0 0 0 0 0 1 0 0 1 0 0 0 1 0 0 0 0 0 0 0 0 1 0 0 0 0 0 0 0 0 0 0 0 0 0 0 0 0 0 0 0 0 0 0 0 0 0
Caliciviridae 0 2 0 1 0 1 0 0 1 0 0 2 0 1 0 0 1 1 1 0 1 3 1 0 0 0 3 0 0 0 1 0 0 0 1 0 0 1 0 1 1 0 0 1 0 0 1 1 0 2 0 0 0 0 2 0 0 0 0 0 0 0 0 0 0 0 0 3 2 0 0 0 0 0 0 0 0 0 0 0 0 0 0 1 0 0
Carmotetraviridae 0 0 0 0 0 0 0 0 0 0 0 0 1 0 0 0 0 0 0 0 0 0 0 1 0 0 0 0 0 0 0 0 0 0 0 0 0 1 1 0 0 0 0 0 0 0 0 0 0 0 0 0 0 0 0 0 0 0 0 0 0 0 0 0 0 0 0 0 0 0 0 0 0 0 0 0 0 0 0 0 0 0 0 0 0 0
Caulimoviridae 14 19 15 26 16 16 4 4 1 4 9 75 26 25 28 17 4 6 9 13 41 27 10 3 2 0 25 44 11 14 3 4 2 21 12 11 0 14 32 68 40 12 2 33 37 17 5 5 9 5 6 3 4 6 41 12 9 0 38 4 6 2 6 6 17 1 7 12 23 20 26 15 0 0 2 2 1 5 1 1 4 0 6 0 0 0
Chrysoviridae 0 0 0 0 0 0 0 0 0 0 0 0 0 0 0 0 0 0 0 0 0 0 0 0 0 1 0 0 0 0 0 0 0 0 0 0 0 1 0 0 0 0 0 0 0 0 0 0 0 0 0 0 0 0 0 0 0 0 0 0 0 0 0 0 0 0 0 0 0 0 0 0 0 0 0 0 0 0 0 0 0 0 0 0 0 0
Circoviridae 0 0 1 0 0 0 0 0 2 0 0 0 1 5 1 0 3 5 7 5 0 3 1 0 0 0 1 0 1 1 0 0 0 0 1 0 0 0 0 19 8 0 0 0 1 2 5 2 2 3 3 0 1 0 10 1 1 0 6 1 0 0 0 2 1 0 0 3 0 0 0 3 0 0 1 0 1 0 0 0 1 0 0 1 0 0
Clavaviridae 0 0 0 0 0 0 0 2 0 0 0 0 0 0 0 0 0 0 0 0 0 0 0 0 0 0 0 0 0 0 0 0 0 0 0 0 0 0 0 0 0 0 0 0 0 0 0 0 0 0 0 0 0 0 0 0 0 0 0 0 0 0 1 0 0 0 0 0 0 0 0 0 0 0 0 0 0 0 0 0 1 0 0 0 0 0
Closteroviridae 0 0 0 1 1 2 0 3 0 0 0 2 1 0 0 2 0 0 0 2 0 4 0 0 0 0 0 0 0 0 0 0 4 0 0 0 0 1 0 0 0 0 0 0 1 0 0 0 0 0 0 0 0 1 0 1 0 0 0 0 1 0 0 0 0 1 0 0 2 1 0 0 0 0 0 0 0 1 1 0 3 0 0 0 0 0
Coronaviridae 0 5 5 3 9 3 1 4 7 24 0 4 1 6 0 6 1 3 4 22 27 14 9 3 3 0 3 8 9 8 2 0 5 2 0 2 2 2 3 7 4 0 0 7 14 8 3 2 0 3 4 1 1 11 8 1 1 0 1 2 0 1 2 4 5 0 1 3 2 1 2 1 0 0 0 1 3 0 0 0 2 0 0 1 0 0
Deltaflexiviridae 0 0 0 0 0 0 0 0 0 0 0 0 0 0 0 3 0 0 0 0 0 0 0 0 0 0 0 0 0 0 0 0 0 0 0 0 0 0 0 0 0 0 0 0 0 0 0 0 0 0 0 0 0 0 0 0 0 0 0 0 0 0 2 0 0 0 0 0 0 0 0 0 0 0 0 0 0 0 0 0 0 0 0 0 0 0
Dicistroviridae 0 0 0 0 0 0 0 0 0 2 2 11 7 0 0 0 2 2 1 7 0 0 0 16 8 4 0 0 1 1 1 0 0 5 2 0 8 3 13 1 0 2 0 0 0 1 1 0 0 0 0 25 18 0 0 0 0 0 8 0 0 0 5 2 4 0 0 0 2 2 0 1 0 0 0 0 0 0 0 0 0 0 0 0 0 0
Endornaviridae 0 0 0 0 0 0 0 0 0 0 0 0 0 0 0 3 0 0 0 2 0 0 1 0 2 0 0 0 0 0 0 0 0 0 0 0 0 0 0 0 0 0 0 1 0 1 0 0 0 0 0 4 0 0 0 0 1 0 3 4 0 18 2 0 1 11 1 1 0 0 0 0 3 0 0 6 16 0 2 0 0 0 1 0 0 0
Euroniviridae 0 0 0 0 0 0 0 0 0 0 0 0 0 0 0 0 0 0 0 0 1 0 0 0 0 0 0 0 0 0 0 0 0 0 0 0 0 0 0 0 0 0 0 0 0 0 0 0 0 0 0 0 0 0 0 0 0 0 0 0 0 0 0 0 0 0 0 0 0 0 0 0 0 0 0 0 0 0 0 0 0 0 0 0 0 0
Filoviridae 0 0 0 0 0 0 6 3 1 1 0 0 0 1 0 0 0 0 0 9 5 1 4 0 0 0 0 0 1 1 0 2 4 0 0 0 0 0 0 2 0 0 0 0 0 0 0 0 0 0 0 1 0 0 0 0 1 0 0 0 0 0 0 0 0 0 0 0 0 0 0 0 0 0 0 1 0 2 0 0 0 0 0 0 0 0
Fimoviridae 0 0 0 0 0 0 0 0 0 0 0 0 1 0 0 0 0 0 0 0 0 0 0 0 0 0 0 0 0 0 0 0 0 0 0 0 0 0 1 0 0 0 0 0 0 0 0 0 0 0 0 0 0 0 0 0 0 0 0 0 0 0 0 0 0 0 0 0 3 1 0 0 0 0 0 0 0 0 0 0 0 0 0 0 0 0
Flaviviridae 4 18 15 13 10 12 11 6 4 8 8 14 5 11 5 20 10 13 19 16 11 32 11 5 6 1 16 6 12 13 2 3 7 4 6 6 4 6 14 9 7 11 2 11 23 10 7 3 2 4 0 2 3 19 5 8 4 0 14 3 2 3 7 3 17 6 2 5 35 18 14 16 0 0 2 3 1 1 1 3 0 14 0 0 1 0
Fusariviridae 0 0 0 0 0 0 0 1 0 0 0 0 0 0 0 0 1 0 2 0 0 0 0 0 0 0 0 0 1 0 0 0 0 0 0 0 0 0 0 0 0 0 0 0 0 0 0 0 0 0 0 0 0 0 0 0 0 0 0 0 0 0 0 0 0 0 0 0 0 0 0 0 0 0 0 0 0 0 2 0 0 0 0 0 0 0
Fuselloviridae 0 0 0 0 0 0 0 0 0 0 0 0 0 0 0 0 0 0 0 2 0 1 0 1 0 0 0 0 0 0 0 0 0 0 0 0 0 0 0 0 0 1 0 0 0 0 0 0 0 0 0 0 0 0 0 0 0 0 0 0 0 0 0 0 0 0 0 0 0 0 0 0 0 0 0 0 0 0 0 0 0 0 0 0 0 0
Gammaflexiviridae 0 0 0 0 0 0 0 0 0 0 0 0 0 0 0 0 0 0 0 0 0 0 0 0 0 0 0 0 0 0 0 0 0 0 0 0 1 0 0 0 0 0 0 1 0 0 0 0 0 0 0 0 0 0 0 0 0 0 0 0 0 0 0 0 0 0 0 0 0 0 0 0 0 0 0 0 0 0 0 0 0 0 0 0 0 0
Geminiviridae 0 1 0 0 0 0 1 3 4 1 1 2 2 4 1 4 2 2 0 7 18 3 1 0 1 0 3 4 0 1 0 0 1 4 4 3 0 0 2 2 2 0 0 2 6 2 1 1 1 2 0 0 2 5 2 0 0 0 3 0 0 0 3 0 3 0 0 4 5 0 1 4 0 0 0 1 1 0 0 0 0 0 0 0 0 0
Genomoviridae 2 1 0 0 0 2 0 0 0 0 0 0 0 0 0 0 0 0 0 1 0 1 0 0 0 0 0 0 0 0 1 1 0 0 0 0 0 0 0 1 0 0 0 0 0 0 0 0 0 0 0 0 0 0 0 1 1 0 0 0 0 0 0 0 0 0 1 0 2 4 0 0 0 0 0 0 0 0 0 0 0 0 0 0 0 0
Globuloviridae 0 0 0 0 0 0 0 0 0 0 0 0 0 0 0 0 0 0 0 0 0 0 0 0 0 0 0 0 0 0 0 0 0 0 0 0 0 0 0 0 0 0 0 0 0 0 1 0 0 0 0 0 0 0 0 0 0 0 0 0 0 0 0 0 0 0 0 0 0 0 0 0 0 0 0 0 0 0 0 0 0 0 0 0 0 0
Hantaviridae 0 0 0 0 0 1 0 0 2 0 0 1 0 0 0 1 0 0 0 0 0 1 0 0 0 0 1 1 0 1 0 0 0 0 0 0 0 0 1 0 0 0 0 0 0 0 0 0 0 0 0 0 0 0 0 0 0 0 0 0 0 0 0 0 0 0 0 0 0 0 0 0 0 0 0 0 0 0 0 0 0 0 0 0 0 0
Hepadnaviridae 5 29 20 22 32 18 17 9 2 12 1 2 4 562 1 52 4 3 5 32 20 10 5 6 3 2 4 2 0 1 9 2 3 2 3 6 0 3 5 845 622 2 0 22 38 16 1 1 1 3 2 14 4 27 695 2 3 0 8 6 4 0 1 1 5 6 88 110 6 1 1 6 1 0 0 1 3 1 0 1 1 0 10 0 0 0
Hepeviridae 2 0 0 0 0 0 0 0 2 0 0 0 0 0 0 6 2 1 1 3 4 1 0 2 2 0 0 2 0 0 0 0 0 0 1 0 0 0 0 0 0 2 0 0 0 1 1 0 0 2 2 3 1 5 1 5 0 0 2 0 1 0 1 0 0 2 1 0 0 2 1 0 0 0 0 0 0 0 0 0 0 0 0 0 0 0
Herelleviridae 1 4 2 8 8 3 0 0 2 2 1 10 14 3 8 13 2 1 1 2 5 3 0 2 1 1 0 0 1 0 3 0 0 1 1 1 7 9 7 3 3 6 1 11 8 4 3 1 0 0 0 0 0 11 3 15 0 0 3 2 2 0 0 0 2 0 2 3 23 16 16 12 0 0 1 0 0 0 0 1 2 0 1 0 0 0
Herpesviridae 32 27 11 14 9 13 26 29 29 34 14 18 10 23 25 52 55 67 72 77 35 42 12 26 18 8 13 21 33 15 52 15 24 12 16 7 3 8 17 15 18 11 1 50 56 30 55 16 12 8 11 15 12 48 9 24 16 0 34 11 6 5 13 7 48 1 5 7 21 35 51 29 2 0 5 2 2 5 1 8 4 1 0 1 1 0
Hypoviridae 0 0 0 0 0 0 3 2 0 0 9 0 0 0 0 0 0 0 2 0 1 0 0 1 2 0 0 0 0 0 0 0 0 13 15 9 0 0 0 0 0 0 0 0 0 0 1 0 0 4 0 0 1 0 0 0 0 0 15 0 0 0 7 2 18 0 0 0 0 0 0 1 0 0 0 0 0 0 1 0 0 2 0 0 0 0
Hytrosaviridae 0 0 1 0 0 0 0 2 0 0 0 1 1 1 0 1 0 0 0 2 0 0 0 0 0 0 0 0 0 1 0 0 0 0 1 0 0 0 0 0 9 0 0 1 1 0 0 0 0 0 0 0 0 0 1 0 0 0 0 0 0 0 0 0 0 1 7 1 1 0 0 0 0 0 0 0 0 0 0 0 0 0 0 0 0 0
Iflaviridae 0 0 0 0 0 0 0 0 0 0 0 0 0 1 0 0 2 1 1 2 1 0 0 1 1 0 0 1 1 0 0 0 0 0 0 0 0 0 2 0 0 0 0 0 0 0 0 0 0 0 0 0 1 0 0 0 0 0 0 0 0 0 0 0 2 0 0 0 0 0 0 0 0 0 0 0 0 0 0 0 0 0 0 0 0 0
Inoviridae 0 1 0 0 0 0 0 0 0 0 0 0 0 0 0 0 0 0 0 0 0 0 0 0 0 0 0 0 0 0 0 0 0 0 0 0 0 0 1 0 0 0 0 0 1 0 0 0 0 0 0 1 0 0 0 0 0 0 0 0 0 0 0 0 0 0 0 0 0 0 0 0 0 0 0 0 0 0 0 0 0 0 0 0 0 0
Iridoviridae 19 16 19 12 13 15 29 35 13 24 21 67 10 47 43 26 42 33 49 100 35 40 12 8 6 1 22 18 28 12 19 9 64 16 18 21 7 5 33 60 38 43 7 16 38 36 38 2 6 11 4 6 4 32 40 57 12 0 58 9 9 6 14 11 58 6 21 27 112 118 117 97 7 0 4 21 3 4 7 5 3 1 0 2 0 1
Lavidaviridae 0 0 0 0 0 0 0 0 0 0 0 2 1 0 0 1 0 0 0 0 3 1 0 1 0 0 0 0 1 1 0 0 0 0 0 1 4 1 5 0 0 0 0 0 1 0 0 0 0 0 0 1 0 0 0 0 1 0 0 0 0 0 2 0 1 0 0 0 0 0 0 0 0 0 0 0 0 0 0 0 0 0 0 0 0 0
Leviviridae 1 0 0 0 0 0 0 0 0 8 1 1 0 0 0 0 0 0 0 10 1 0 1 1 1 1 0 2 0 1 5 0 7 0 0 2 0 0 0 0 0 0 0 0 0 0 0 1 0 1 0 0 0 1 0 2 0 0 5 0 0 0 3 1 2 0 0 0 1 3 0 3 0 0 2 0 0 1 1 0 0 0 0 1 0 0
Lipothrixviridae 0 0 0 0 0 0 0 0 0 0 0 0 1 0 0 2 0 0 0 0 0 0 0 0 0 0 0 1 0 0 0 0 0 0 0 0 0 1 0 0 0 1 0 0 0 0 0 0 0 0 0 0 0 0 0 0 0 0 0 0 0 0 0 0 0 0 0 0 0 0 0 0 0 0 0 0 0 0 0 0 0 0 0 0 0 0
Luteoviridae 0 2 0 0 0 0 0 1 1 0 0 0 0 1 0 2 1 0 0 1 0 3 1 1 0 0 0 0 0 1 0 0 0 0 0 0 1 0 0 0 2 0 0 0 0 1 1 0 0 0 0 1 0 2 0 0 0 0 2 0 0 0 1 0 0 0 0 1 0 0 0 1 0 0 0 0 0 0 0 0 0 0 0 0 0 0
Malacoherpesviridae 0 0 0 0 0 0 0 0 0 0 0 0 0 0 0 0 0 0 0 0 0 0 0 0 0 0 0 0 0 0 0 0 0 0 0 0 0 0 0 0 0 0 0 1 0 1 0 0 0 0 0 0 0 2 0 0 0 0 0 0 0 0 0 0 0 0 0 0 0 0 0 0 0 0 0 0 0 0 1 0 0 0 0 0 0 0
Marnaviridae 0 0 0 0 0 0 0 0 0 0 1 0 0 0 0 0 0 0 0 0 0 0 0 0 0 0 0 1 2 1 0 0 0 1 1 1 1 0 0 0 0 0 0 0 0 0 0 0 0 0 0 0 0 1 0 0 0 0 0 0 0 0 1 0 3 0 0 0 0 0 0 0 0 0 0 0 0 0 0 0 0 0 0 0 0 0
Marseilleviridae 6 11 5 3 8 10 10 9 5 3 6 32 6 10 4 14 34 41 27 19 14 16 12 3 4 2 9 2 3 5 19 8 10 19 6 7 4 5 11 21 10 2 0 6 11 11 54 1 0 0 1 0 3 15 17 3 7 1 26 3 3 2 11 4 13 24 12 10 5 4 8 3 1 0 3 0 1 0 1 2 0 2 77 1 0 0
Matonaviridae 0 0 0 0 0 0 0 0 0 0 0 0 1 0 0 0 0 0 0 0 0 0 0 0 0 1 0 0 0 0 0 0 0 0 0 0 0 0 1 0 0 0 0 0 0 0 0 0 0 0 0 0 0 0 0 0 0 0 0 0 0 0 0 0 0 0 0 0 0 0 0 0 0 0 0 0 0 0 0 0 0 0 0 0 0 0
Medioniviridae 1 0 0 0 0 0 0 0 0 0 0 0 0 0 1 0 0 0 0 0 0 0 0 0 0 0 0 0 0 0 2 2 0 0 0 0 0 0 0 1 1 0 0 0 0 0 0 0 0 0 0 0 0 0 0 0 1 0 1 0 0 0 0 0 1 0 3 0 0 1 0 0 0 0 0 0 0 0 0 0 0 0 0 0 0 0
Mesoniviridae 0 0 0 0 0 0 0 0 0 0 0 0 0 0 0 1 0 0 1 0 0 0 1 0 0 0 0 0 0 0 0 0 0 0 0 0 0 0 0 0 0 0 0 2 0 1 0 0 0 0 0 0 0 0 0 0 0 0 0 0 1 0 0 0 0 0 0 0 0 0 0 0 0 0 0 0 0 0 0 0 0 0 0 0 0 0
Metaviridae 0 0 0 1 3 0 1 2 0 6 3 7 3 0 9 2 1 0 0 0 0 2 3 0 0 1 1 1 0 0 0 0 1 14 6 3 1 8 1 1 1 5 1 5 7 4 1 4 7 0 0 0 0 4 0 4 0 0 17 1 0 0 5 1 9 0 0 1 11 9 12 6 1 0 0 0 0 0 0 0 0 0 0 1 0 0
Microviridae 2 9 4 14 1 5 0 3 2 3 2 2 2 2 0 0 0 0 2 4 4 2 1 2 1 1 0 0 1 2 1 0 1 4 1 2 3 3 4 1 5 0 0 4 3 1 0 1 1 0 1 0 1 1 1 0 0 0 13 1 0 1 1 1 11 0 1 4 0 2 1 1 2 0 0 0 0 0 0 2 0 0 0 0 0 0
Mimiviridae 61 166 116 100 102 102 143 77 95 247 50 38 39 115 122 189 84 104 93 595 161 361 108 28 34 10 172 267 231 225 103 30 156 76 75 67 26 18 49 162 98 68 17 155 209 134 78 26 16 22 19 34 22 146 111 90 51 1 234 15 26 24 115 47 190 34 22 51 250 234 262 188 0 1 15 72 20 8 3 21 14 6 8 6 0 0
Myoviridae 19 26 6 17 16 14 22 300 23 133 32 57 19 37 63 39 89 81 108 198 51 109 23 48 26 21 36 19 29 32 28 10 38 28 26 41 20 17 45 39 28 35 13 39 45 35 92 37 26 47 15 29 20 36 33 44 23 0 103 6 9 9 43 10 95 12 27 184 116 115 124 95 9 1 263 16 4 5 4 7 6 1 3 3 3 2
Nairoviridae 0 0 0 0 0 0 0 0 1 0 0 0 0 2 1 8 0 0 0 3 0 1 1 0 0 0 0 1 0 0 0 0 0 0 0 0 0 0 0 1 2 1 0 5 13 12 0 0 0 0 0 0 0 14 0 0 0 0 0 0 0 0 0 0 0 0 0 0 0 0 0 1 0 0 0 0 0 0 0 0 0 0 0 0 0 0
Nanoviridae 0 0 0 0 0 0 0 0 0 0 0 0 0 0 0 0 0 0 0 0 0 0 0 0 1 0 0 0 0 0 0 0 0 0 0 1 0 0 0 0 0 0 0 0 0 0 0 0 0 0 1 0 0 0 0 0 0 0 1 0 0 0 1 0 1 0 0 0 0 0 0 0 0 0 0 0 0 0 0 0 0 0 0 0 0 0
Narnaviridae 0 0 0 0 0 0 0 2 1 0 1 1 0 0 0 0 0 1 2 1 0 1 0 0 0 0 1 1 1 0 0 0 0 0 1 0 0 0 1 1 0 0 0 0 2 0 0 0 0 0 0 1 0 0 0 2 0 0 4 38 2 1 0 2 5 15 0 3 1 2 1 2 0 0 0 2 25 0 0 0 0 0 1 0 0 0
Nimaviridae 8 0 1 0 2 1 4 3 1 1 2 2 3 1 1 2 3 2 5 8 3 2 4 3 2 1 1 3 2 2 1 0 3 0 1 0 1 0 1 0 3 0 0 14 3 3 3 1 1 0 1 3 8 7 1 4 5 0 2 5 1 0 5 0 2 1 2 0 4 5 0 2 0 0 2 8 0 6 0 4 1 0 0 0 1 0
Nodaviridae 0 0 0 0 0 0 0 0 0 0 0 0 0 0 1 0 0 0 0 1 1 0 0 0 0 0 0 0 0 0 0 0 0 0 0 0 0 0 0 0 0 2 0 0 0 0 0 0 0 0 0 0 0 0 0 2 0 0 0 0 0 0 0 0 0 0 0 1 0 1 1 3 0 0 0 0 0 0 0 0 0 0 0 0 0 0
Nudiviridae 0 0 0 0 0 0 2 0 2 0 1 4 2 0 2 0 2 1 4 6 5 0 0 1 2 1 1 2 1 0 0 0 4 0 0 0 0 1 7 0 0 0 0 0 0 0 1 0 0 0 1 3 1 0 0 1 0 0 3 0 1 0 0 0 3 0 0 1 3 1 4 2 0 0 0 0 0 1 0 0 1 0 0 0 0 0
Nyamiviridae 0 0 0 0 0 0 0 0 0 0 0 0 0 0 0 0 0 0 0 0 0 0 0 0 0 0 0 0 0 0 0 0 0 0 0 0 0 0 0 0 0 0 0 0 0 0 0 0 0 0 0 0 0 0 0 0 0 0 0 0 0 0 0 0 0 1 0 0 0 0 0 0 0 0 0 0 0 0 0 0 0 0 0 0 0 0
Orthomyxoviridae 2 3 0 0 0 1 2 1 2 3 1 1 2 0 1 4 3 3 1 4 3 2 1 2 0 0 5 4 2 3 0 0 2 0 1 1 2 3 2 5 1 0 0 1 3 3 3 2 2 0 0 0 0 4 0 1 1 0 4 0 0 0 0 1 3 0 1 1 1 2 1 0 1 0 0 0 1 1 0 0 1 1 0 0 0 0
Papillomaviridae 1 10 5 5 2 6 5 5 1 8 3 3 3 5 2 16 7 6 7 10 4 6 2 3 6 4 4 12 7 1 2 1 3 0 0 1 2 1 2 4 8 1 0 14 14 8 4 2 1 3 1 3 3 5 5 5 2 1 3 2 2 1 2 0 3 1 1 2 5 2 2 3 0 0 4 0 1 4 0 2 0 0 2 0 0 0
Paramyxoviridae 0 3 0 0 1 2 0 0 1 1 0 2 2 3 3 0 1 1 0 6 1 0 1 1 0 0 2 0 1 0 1 0 0 0 0 0 2 1 3 5 2 2 0 3 4 0 0 0 0 0 0 1 2 0 1 1 0 0 3 0 0 0 1 0 2 1 1 2 4 3 6 6 0 0 1 0 0 0 0 1 0 0 0 0 0 0
Partitiviridae 0 0 0 0 0 0 2 0 0 0 0 0 0 0 0 0 1 3 2 1 2 0 0 0 0 0 0 1 0 1 0 0 0 0 0 0 0 0 0 0 1 1 0 4 0 0 1 0 0 0 0 0 0 0 1 0 0 0 0 3 0 5 0 0 0 0 0 0 0 0 0 0 4 1 19 1 0 0 3 4 0 0 6 0 0 0
Parvoviridae 57 39 26 34 16 37 563 98 19 154 2 1 2 27 9 1 258 255 355 41 19 5 3 1 4 0 4 9 0 0 77 27 275 3 2 2 2 3 1 36 21 3 0 0 0 1 279 0 0 0 0 1 0 0 16 3 33 0 11 3 5 2 8 2 11 1 7 15 19 17 15 7 0 1 3 2 2 0 0 2 0 1 1 0 0 1
Peribunyaviridae 0 0 1 0 0 1 0 0 0 1 0 2 0 0 7 0 0 0 0 1 1 1 0 0 0 0 0 2 1 0 0 0 1 0 0 1 2 1 1 0 2 1 1 0 0 0 0 0 0 1 0 0 0 2 0 4 0 0 0 0 0 0 0 0 0 0 0 1 14 10 11 6 0 0 0 0 0 0 0 0 0 0 0 0 0 0
Phenuiviridae 0 1 3 1 2 2 1 1 3 5 3 0 2 1 1 17 2 2 6 14 0 3 0 1 0 0 1 1 2 0 0 0 5 8 2 5 0 0 0 2 0 0 1 7 8 4 4 0 0 0 0 0 0 3 1 0 1 0 4 0 0 1 5 2 12 0 0 1 0 0 0 0 0 0 0 1 0 1 0 0 0 0 0 0 0 0
Phycodnaviridae 4 30 15 16 12 21 27 20 13 44 7 59 16 27 14 24 10 16 19 41 29 41 10 30 30 8 18 21 21 24 3 2 33 12 6 8 8 10 27 27 32 9 1 23 26 16 24 20 10 23 5 31 29 15 27 7 3 1 27 16 13 11 6 5 19 4 7 18 19 21 35 13 4 0 12 4 7 4 0 5 2 3 4 0 0 0
Picobirnaviridae 0 0 0 0 0 0 0 0 0 0 4 0 0 0 0 0 2 0 0 0 0 0 0 0 0 0 1 0 0 0 0 0 0 0 1 2 0 0 0 0 1 0 0 1 0 1 0 0 0 0 0 0 0 2 0 0 0 0 6 0 0 123 57 115 7 65 7 373 0 0 0 0 329 28 0 1014 3 0 0 2 0 0 8 0 0 0
Picornaviridae 1 5 4 5 5 11 12 11 11 31 10 66 29 15 5 1 2 7 6 18 17 13 2 5 3 2 4 4 4 5 2 2 7 12 8 15 24 28 57 21 13 2 0 3 8 2 4 2 3 1 0 12 6 4 9 2 3 0 23 2 2 4 12 1 47 0 4 9 6 4 8 4 1 0 0 4 0 3 0 2 3 1 1 0 1 0
Pithoviridae 4 9 0 5 5 12 20 5 4 27 6 15 10 6 9 34 16 14 16 40 5 24 7 6 9 4 28 22 17 22 7 3 15 7 8 11 1 6 13 4 5 4 2 31 38 36 15 3 5 8 10 3 1 51 6 6 3 0 27 2 2 0 18 2 28 3 5 3 9 9 17 8 8 0 5 2 0 1 0 3 1 0 0 0 1 0
Pleolipoviridae 0 0 0 0 0 0 0 0 0 0 0 0 0 0 0 0 1 0 0 0 0 0 0 0 0 0 0 0 0 0 0 0 0 0 0 0 0 0 0 0 0 0 0 0 0 0 0 0 0 0 0 0 0 0 0 0 0 0 0 0 0 0 0 0 0 0 0 0 0 0 0 0 0 0 0 0 0 0 0 0 0 0 0 0 0 0
Pneumoviridae 0 0 0 0 0 0 0 0 1 2 0 0 0 0 0 0 0 0 0 2 0 1 0 2 0 1 0 0 0 0 0 1 0 0 1 0 0 0 0 0 1 0 0 0 0 1 0 1 0 0 0 0 2 1 0 1 0 0 1 0 0 0 0 0 0 0 0 0 0 0 3 1 0 0 0 0 0 1 0 0 0 0 0 0 0 0
Podoviridae 12 14 14 2 13 8 6 16 7 10 4 9 7 13 6 10 20 17 17 32 22 20 6 13 12 4 7 21 7 21 14 5 22 4 6 13 9 2 6 6 10 4 1 11 14 12 21 3 3 8 1 11 9 14 10 4 6 0 12 8 4 5 7 3 14 4 6 18 18 8 15 17 0 0 0 3 2 2 0 1 3 0 0 0 0 0
Polycipiviridae 0 0 0 0 0 0 0 0 0 0 1 0 0 0 0 0 0 0 0 0 0 0 0 1 0 0 0 0 0 0 0 0 0 0 2 0 0 0 0 0 0 0 0 0 0 0 0 0 0 1 0 0 0 0 0 0 0 0 4 0 0 0 0 0 3 0 0 0 0 0 0 0 0 0 0 0 0 0 0 0 0 0 0 0 0 0
Polydnaviridae 5 3 1 2 2 4 13 5 0 15 12 21 24 3 10 6 12 15 3 9 177 27 12 6 0 3 22 8 1 5 9 5 8 12 8 23 14 10 31 13 9 6 0 8 5 7 5 0 1 0 1 2 2 5 5 6 9 0 26 1 1 1 8 4 37 0 8 11 8 9 10 7 0 0 0 2 14 3 0 3 0 2 1 0 0 0
Polyomaviridae 0 0 0 0 0 0 2 0 0 1 0 0 0 0 1 3 0 0 0 5 0 1 2 0 0 0 0 0 0 0 2 0 1 4 1 2 2 1 0 0 0 0 0 1 0 3 0 1 0 1 0 1 1 3 0 0 0 0 2 0 0 0 0 1 1 0 0 0 0 0 0 0 0 0 0 0 0 0 0 0 0 0 0 0 0 0
Potyviridae 1 0 0 0 0 0 1 0 2 2 0 1 0 2 2 1 2 3 1 2 2 5 2 0 0 0 1 0 1 0 0 1 5 0 1 0 0 2 1 0 1 0 0 1 3 0 1 0 0 0 1 0 0 1 1 2 0 0 1 0 0 0 0 1 0 1 0 0 3 3 1 0 1 0 0 0 1 0 0 1 2 0 0 0 0 0
Poxviridae 5 18 10 14 7 9 39 5 5 20 21 252 9 6 8 34 14 15 20 30 22 46 31 57 41 43 46 33 22 41 2 3 17 20 17 16 8 13 116 14 9 13 1 32 34 25 16 1 1 4 2 67 41 26 5 12 4 0 66 19 11 13 35 42 76 2 1 26 24 14 44 17 19 0 13 2 6 5 5 3 4 0 0 1 0 0
Qinviridae 0 0 0 0 0 0 0 0 0 0 0 0 0 0 0 0 0 0 0 0 0 0 0 0 0 0 0 0 0 0 0 0 0 0 0 0 0 0 0 0 0 0 0 0 0 0 0 0 0 0 0 0 0 0 0 0 0 0 0 0 1 0 0 0 0 0 0 0 0 0 0 0 0 0 0 0 0 0 0 0 0 0 0 0 0 0
Reoviridae 8 5 2 3 6 5 12 0 2 9 6 21 4 4 10 4 14 18 11 19 3 18 11 1 1 2 3 1 0 0 6 5 8 1 3 4 11 6 12 18 3 8 4 6 8 2 9 1 1 1 1 1 3 5 4 18 3 0 14 1 3 2 7 0 7 0 3 8 16 15 21 11 1 0 4 3 0 0 0 0 3 0 0 1 0 0
Retroviridae 53 119 91 79 83 91 68 62 75 120 48 138 84 46 103 134 91 106 78 304 244 284 64 146 104 78 146 139 121 127 57 29 88 86 95 95 37 62 104 72 47 50 11 140 171 106 77 20 31 35 16 141 76 117 46 45 33 0 178 26 46 29 95 32 354 19 19 72 166 138 129 135 5 1 10 59 23 45 15 22 10 5 10 10 3 1
Rhabdoviridae 1 6 1 7 0 5 0 3 3 0 2 3 3 3 2 1 1 2 3 6 6 6 1 1 2 1 0 1 0 2 3 1 2 0 1 1 1 1 2 2 0 3 0 1 4 1 1 1 2 0 0 1 1 5 2 6 0 0 2 0 0 1 1 0 0 0 0 1 1 3 4 4 0 0 0 0 0 0 0 2 0 0 1 0 0 0
Roniviridae 0 0 0 1 0 0 0 0 0 0 0 0 0 0 0 0 0 0 0 0 0 0 0 0 0 0 0 0 0 0 0 0 0 0 0 0 1 0 0 0 0 0 0 0 0 0 0 0 0 0 0 0 0 0 0 0 0 0 0 0 0 0 0 0 0 0 0 0 0 0 0 0 0 0 0 0 0 0 0 0 0 0 0 0 0 0
Rudiviridae 0 0 0 0 0 0 0 0 0 0 0 0 0 0 0 0 0 0 0 0 0 0 0 0 0 0 0 0 0 0 0 0 0 0 0 0 0 0 0 0 0 0 0 0 0 0 0 0 0 0 0 0 0 0 0 2 0 0 0 0 1 0 0 0 0 0 0 0 0 0 0 0 0 0 0 0 0 0 0 0 0 0 0 0 0 0
Secoviridae 0 0 1 0 0 0 2 1 0 9 0 2 1 0 2 3 0 0 0 2 23 0 0 8 4 2 0 0 0 0 0 1 2 0 0 0 1 1 1 0 0 0 0 3 1 3 3 0 0 1 0 7 4 0 0 1 0 0 0 0 0 0 0 0 0 0 0 0 0 2 3 2 0 0 0 1 1 3 3 0 0 0 0 0 0 0
Siphoviridae 31 61 31 28 26 32 58 362 28 238 31 49 23 48 57 77 99 115 126 1446 107 125 27 51 34 18 43 50 29 44 37 18 108 117 53 70 17 16 26 60 63 41 13 42 67 49 117 22 13 49 10 33 15 61 45 63 22 0 149 15 16 15 64 16 168 11 14 292 166 126 181 108 3 0 14 51 13 4 1 5 6 0 4 2 0 0
Smacoviridae 0 0 0 0 0 0 0 0 0 0 0 1 0 0 1 0 1 0 0 2 1 0 0 0 0 0 0 0 0 0 0 0 0 0 0 0 0 0 0 0 0 2 0 0 0 0 0 2 0 0 0 0 0 0 0 0 0 0 0 0 0 0 0 0 0 0 0 0 3 0 1 0 0 0 0 0 0 0 0 0 0 0 0 0 0 0
Solemoviridae 0 0 0 0 0 0 0 1 0 0 0 0 0 0 0 0 0 0 0 1 0 0 0 0 0 0 0 0 0 0 0 0 1 0 0 0 0 0 0 0 0 0 0 0 0 0 0 0 0 0 0 0 0 0 0 0 0 0 0 0 0 1 0 0 0 0 0 0 0 0 0 0 0 0 0 0 0 0 0 0 0 0 0 0 0 0
Solinviviridae 0 0 0 0 0 0 0 0 0 0 0 0 0 0 0 0 0 0 0 0 0 0 0 0 0 0 0 0 0 0 0 0 0 0 0 0 0 0 0 0 0 0 0 0 0 0 0 0 0 0 0 0 0 0 0 0 0 0 0 0 0 0 0 0 0 0 0 0 0 2 0 0 0 0 0 0 0 0 0 0 0 0 0 0 0 0
Sphaerolipoviridae 0 0 0 0 0 0 0 0 1 0 0 0 0 0 0 2 0 1 0 0 0 0 0 0 0 0 0 0 0 0 0 0 0 0 0 0 0 0 0 0 0 0 0 0 0 1 0 0 0 0 0 0 0 1 0 0 0 0 0 0 0 0 0 0 0 0 0 0 0 0 0 0 0 0 0 0 0 0 0 0 0 0 0 0 0 0
Tectiviridae 0 0 0 0 0 0 0 0 0 1 0 0 0 0 0 0 0 0 0 0 0 0 0 0 0 0 0 0 0 0 0 0 0 0 0 0 0 0 1 0 0 0 0 0 0 0 0 0 0 0 0 0 0 0 0 0 0 0 0 0 0 0 0 0 0 0 0 0 0 0 0 0 0 0 0 0 0 0 0 0 0 0 0 0 0 0
Tobaniviridae 0 0 0 0 0 0 0 1 1 0 0 0 1 1 0 1 0 0 0 1 0 0 1 0 0 1 0 0 1 0 0 0 0 0 0 0 0 1 0 1 0 0 0 0 1 0 0 0 0 0 0 0 0 4 0 2 0 0 0 0 0 0 0 0 0 0 1 0 1 2 3 2 0 0 0 0 0 0 0 0 0 0 0 0 0 0
Togaviridae 0 1 0 0 0 0 1 0 0 2 0 0 0 2 3 1 1 9 3 51 1 0 0 0 1 0 0 1 0 0 0 0 0 0 3 0 0 0 0 2 2 1 0 0 1 2 4 1 0 0 0 2 0 1 4 2 1 0 3 0 0 0 0 1 3 1 0 1 2 0 4 1 0 0 0 6 0 2 0 0 0 0 0 0 0 0
Tombusviridae 0 0 0 0 0 0 0 0 0 0 0 0 0 1 0 1 0 0 0 0 0 0 0 0 0 0 0 0 0 0 0 0 0 1 1 0 0 0 0 0 0 0 0 0 0 0 0 0 0 0 0 0 0 0 0 0 0 0 0 0 0 0 1 0 3 0 0 0 0 0 0 0 0 0 0 3 0 0 0 0 0 0 0 0 0 0
Tospoviridae 0 0 0 0 0 0 0 4 0 6 0 0 0 0 0 0 0 0 0 0 0 0 0 0 0 0 0 0 0 0 0 0 0 0 0 0 0 0 0 0 0 0 0 0 0 0 0 0 0 0 0 0 0 0 0 0 0 0 0 0 0 0 0 0 0 0 0 0 0 0 0 0 0 0 0 0 0 0 0 0 0 0 0 0 0 0
Totiviridae 0 0 0 0 0 0 4 6 6 1 2 1 0 2 0 1 4 3 1 6 0 0 0 0 0 0 0 0 1 0 5 0 5 2 0 1 0 1 0 0 1 0 0 0 1 0 1 0 0 0 0 0 1 2 0 0 0 1 4 1 0 2 2 0 5 28 0 2 0 1 0 1 0 0 0 3 5 2 2 3 0 0 0 0 0 0
Turriviridae 0 0 0 0 0 0 0 0 0 0 0 0 0 0 0 0 0 0 0 0 0 0 0 0 0 0 0 0 0 0 0 0 0 0 3 0 0 0 0 1 0 0 0 0 0 0 0 0 0 0 0 0 0 0 0 0 0 0 0 0 0 0 0 0 1 0 1 0 0 0 0 0 0 0 0 0 0 0 0 0 0 0 0 0 0 0
Tymoviridae 0 0 0 0 0 0 0 0 0 0 0 2 3 0 3 3 1 1 1 0 0 3 1 4 8 2 0 0 1 0 0 0 0 0 2 1 0 1 2 1 0 0 0 0 1 0 1 2 2 2 0 2 4 0 2 4 1 0 1 0 0 0 0 0 0 0 0 0 0 0 2 1 0 0 1 0 0 0 0 0 0 0 0 0 0 0
unclassified 38 112 90 88 76 78 239 220 39 232 38 145 49 36 153 75 930 1055 1082 1976 115 117 41 80 69 32 27 24 39 44 51 24 131 48 26 33 48 31 108 43 40 88 13 62 62 61 909 28 18 44 25 58 31 59 27 81 27 64 97 20 33 40 62 34 117 35 12 205 240 235 250 199 29 29 180 339 71 25 19 18 19 27 8 113 68 46
Virgaviridae 0 0 0 0 0 0 0 0 0 0 0 0 1 0 0 0 0 0 0 0 0 1 1 2 3 0 0 0 1 0 0 0 0 2 0 0 0 0 1 0 0 0 1 0 0 0 0 0 0 0 0 0 0 0 0 0 0 0 0 0 0 0 0 0 0 0 0 0 0 0 0 0 0 0 0 0 0 0 0 0 0 0 0 0 0 0
Xinmoviridae 0 0 0 0 0 0 0 0 0 0 0 0 1 0 0 0 0 0 0 0 0 0 0 0 0 0 0 0 0 0 0 0 0 0 0 0 0 0 0 0 0 0 0 0 0 0 0 0 0 0 0 0 0 0 0 0 0 0 0 0 0 0 0 0 0 0 0 0 0 0 0 0 0 0 0 0 0 0 0 0 0 0 0 0 0 0
