ACR4 GAL3 DIP2 DIP4 DIP5 GAL1 GAL2 GAL4 MYC3 MYC4 MYC5 PAC1 PAC2 PAC3 PAC4 POC1 POC2 POC4 POR2 POR3 STY1 STY3 DIP3 ACR3 ACR2 MYC1 POC3 STY2 STY4
Ackermannviridae 0.301029995663981 0.477121254719662 0 0 0 0 0 0 0 0 0 0 0 0 0 0 0 0 0 0 0 0 0 0 0 0 0 0 0
Adenoviridae 0 1.20411998265592 1.04139268515823 0.477121254719662 0.698970004336019 0.698970004336019 0.602059991327962 1.25527250510331 0.602059991327962 0.301029995663981 1.04139268515823 0.778151250383644 0.903089986991944 1.07918124604762 0.778151250383644 0.477121254719662 0.301029995663981 0.698970004336019 0.301029995663981 0.301029995663981 0.845098040014257 0.301029995663981 0 0 0 0 0 0 0
Adomaviridae 0 0 0 0 0 0 0 0 0 0 0 0 0 0 0 0 0 0 0.301029995663981 0 0 0 0 0 0 0 0 0 0
Alloherpesviridae 0 0.954242509439325 0 0.301029995663981 0 0.301029995663981 0.301029995663981 0.602059991327962 0.301029995663981 0 0.477121254719662 1 0.954242509439325 0.954242509439325 0.698970004336019 0 0 0 0 0 0 0 0 0 0 0 0 0 0
Alphaflexiviridae 0 0 0 0.301029995663981 0 0 0 0 0 0 0 0 0 0 0 0 0 0 0 0.301029995663981 0 0 0 0 0 0 0 0 0
Amalgaviridae 0 0 0 0 0 0 0 0 0 0 0 0 0 0 0 0 0 0 0 0 0 0 0 0 0 0 0 0 0
Ampullaviridae 0 0 0 0 0 0 0 0 0 0 0 0 0 0 0 0 0 0 0 0 0 0 0 0 0 0 0 0 0
Anelloviridae 0 0.698970004336019 0 0.301029995663981 0.301029995663981 0.301029995663981 0 0.954242509439325 0 0 0 0.477121254719662 0 0.301029995663981 0.301029995663981 0 0 0 0 0 0 0.301029995663981 0.301029995663981 0 0 0 0 0 0
Arenaviridae 0 0 0 0.301029995663981 0.301029995663981 0 0 0 0 0 0.301029995663981 0.602059991327962 0 0.477121254719662 0 0 0 0 0 0 0 0 0.477121254719662 0 0 0 0 0 0
Arteriviridae 0 1.11394335230684 0.301029995663981 0.698970004336019 0.301029995663981 1 0.698970004336019 0.903089986991944 0.477121254719662 0.301029995663981 0.477121254719662 1 0.778151250383644 1 0.477121254719662 0 0 0 0.301029995663981 0.301029995663981 0.477121254719662 0 0.301029995663981 0.301029995663981 0 0 0 0 0
Ascoviridae 0 0 0.301029995663981 0 0 0.477121254719662 0 0 0 0 0.301029995663981 0 0 0 0 0 0 0 0.301029995663981 0.477121254719662 0 0 0 0 0 0 0 0 0
Asfarviridae 0 0.477121254719662 0 0 0 0.301029995663981 0 0 0 0 0 0.477121254719662 0 0 0.301029995663981 0 0 0 0 0 0 0 0.301029995663981 0 0 0 0 0 0
Aspiviridae 0 0 0 0 0 0 0 0 0 0 0 0 0 0 0 0 0 0 0 0 0 0 0 0 0 0 0 0 0
Astroviridae 0 0.477121254719662 0.301029995663981 0 0 0.301029995663981 0 0.301029995663981 0 0 0.477121254719662 0.602059991327962 0.477121254719662 0.477121254719662 0.301029995663981 0 0 0 0 0 0 0 0 0 0 0 0 0 0
Baculoviridae 0 1.43136376415899 0.845098040014257 0.903089986991944 0.845098040014257 1.20411998265592 0.477121254719662 1.43136376415899 0.845098040014257 0.698970004336019 1.07918124604762 1.53147891704226 1.55630250076729 1.70757017609794 1.53147891704226 0 0 0.778151250383644 0.778151250383644 0.903089986991944 0.301029995663981 0 0.845098040014257 0 0.602059991327962 0.778151250383644 0 0 0
Benyviridae 0 0 0 0 0 0 0 0 0 0 0 0 0 0 0 0 0 0 0 0 0 0 0.301029995663981 0 0 0 0 0 0
Betaflexiviridae 0 0.602059991327962 0 0 0 0 0 0.301029995663981 0.301029995663981 0 0.301029995663981 0 0.301029995663981 0 0 0 0 0 0 0 0.301029995663981 0 0 0.301029995663981 0 0 0 0 0
Bicaudaviridae 0 0 0 0 0 0 0 0.301029995663981 0 0 0 0 0 0 0 0 0 0 0 0 0 0 0 0 0 0 0 0 0
Bidnaviridae 0 0 0.477121254719662 0.602059991327962 0 0 0 0 0 0 0 0 0.477121254719662 0 0.301029995663981 0 0 0 0 0 0 0 0 0 0 0 0 0 0
Birnaviridae 0 0 0 0 0 0 0 0 0 0 0 0 0 0 0 0 0 0 0 0 0 0 0 0 0 0 0 0 0
Bornaviridae 0 0 0 0 0 0 0 0 0 0 0 0 0 0 0 0 0 0 0 0 0 0 0 0 0 0 0 0 0
Botourmiaviridae 0 0 0 0 0 0 0 0 0 0 0 0 0 0 0 0 0 0.301029995663981 0 0 0 0 0 0 0 0 0 0 0
Bromoviridae 0 0 0 0.301029995663981 0 0 0 0 0 0 0 0 0 0 0 0 0 0 0 0 0 0 0 0 0 0 0 0 0
Caliciviridae 0 0 0 0 0 0 0 0 0 0 0.602059991327962 0.477121254719662 0 0 0 0 0 0 0 0 0 0 0 0 0 0 0.301029995663981 0 0
Carmotetraviridae 0 0 0 0 0 0 0 0 0 0 0 0 0 0 0 0 0 0 0 0 0 0 0 0 0 0 0 0 0
Caulimoviridae 0 1.5910646070265 0.698970004336019 0.845098040014257 0.477121254719662 0.845098040014257 0.845098040014257 1.25527250510331 0.301029995663981 0.903089986991944 1.11394335230684 1.38021124171161 1.32221929473392 1.43136376415899 1.20411998265592 0 0 0.477121254719662 0.477121254719662 0.301029995663981 0.778151250383644 0.301029995663981 0.301029995663981 0.698970004336019 0 0.845098040014257 0 0 0
Chrysoviridae 0 0 0 0 0 0 0 0 0 0 0 0 0 0 0 0 0 0 0 0 0 0 0 0 0 0 0 0 0
Circoviridae 0 0.845098040014257 0.301029995663981 0 0 0 0.477121254719662 0.301029995663981 0 0 0.602059991327962 0 0 0 0.602059991327962 0 0 0.301029995663981 0 0.301029995663981 0 0 0 0.301029995663981 0 0 0.301029995663981 0 0
Clavaviridae 0 0 0 0 0 0.301029995663981 0 0 0 0 0 0 0 0 0 0 0 0 0 0 0 0 0 0.301029995663981 0 0 0 0 0
Closteroviridae 0 0 0 0.301029995663981 0 0 0 0 0.301029995663981 0 0 0.477121254719662 0.301029995663981 0 0 0 0 0 0 0 0.301029995663981 0.301029995663981 0 0.602059991327962 0 0 0 0 0
Coronaviridae 0 0.301029995663981 0.477121254719662 0 0.301029995663981 0.477121254719662 0.698970004336019 0.778151250383644 0 0.301029995663981 0.602059991327962 0.477121254719662 0.301029995663981 0.477121254719662 0.301029995663981 0 0 0 0.301029995663981 0.602059991327962 0 0 0 0.477121254719662 0 0 0.301029995663981 0 0
Deltaflexiviridae 0 0 0 0 0 0.477121254719662 0 0 0 0 0 0 0 0 0 0 0 0 0 0 0 0 0 0 0 0 0 0 0
Dicistroviridae 0 0.954242509439325 0 0 0 0.778151250383644 0.477121254719662 0.698970004336019 0 0 0 0.477121254719662 0.477121254719662 0 0.301029995663981 0 0 0 0 0 0 0 0 0 0 0 0 0 0
Endornaviridae 0 0.602059991327962 0.698970004336019 0 1.27875360095283 0.477121254719662 0 0.301029995663981 1.07918124604762 0.301029995663981 0.301029995663981 0 0 0 0 0.602059991327962 0 0 0.845098040014257 1.23044892137827 0 0.477121254719662 0 0 0 0.301029995663981 0 0 0
Euroniviridae 0 0 0 0 0 0 0 0 0 0 0 0 0 0 0 0 0 0 0 0 0 0 0 0 0 0 0 0 0
Filoviridae 0 0 0 0 0 0 0 0 0 0 0 0 0 0 0 0 0 0 0.301029995663981 0 0.477121254719662 0 0 0 0 0 0 0 0
Fimoviridae 0 0 0 0 0 0 0 0 0 0 0 0.602059991327962 0.301029995663981 0 0 0 0 0 0 0 0 0 0 0 0 0 0 0 0
Flaviviridae 0 1.17609125905568 0.602059991327962 0.477121254719662 0.602059991327962 0.903089986991944 0.602059991327962 1.25527250510331 0.845098040014257 0.477121254719662 0.778151250383644 1.55630250076729 1.27875360095283 1.17609125905568 1.23044892137827 0 0 0.477121254719662 0.602059991327962 0.301029995663981 0.301029995663981 0.301029995663981 0.602059991327962 0 1.17609125905568 0 0 0.301029995663981 0
Fusariviridae 0 0 0 0 0 0 0 0 0 0 0 0 0 0 0 0 0 0 0 0 0 0.477121254719662 0 0 0 0 0 0 0
Fuselloviridae 0 0 0 0 0 0 0 0 0 0 0 0 0 0 0 0 0 0 0 0 0 0 0 0 0 0 0 0 0
Gammaflexiviridae 0 0 0 0 0 0 0 0 0 0 0 0 0 0 0 0 0 0 0 0 0 0 0 0 0 0 0 0 0
Geminiviridae 0 0.602059991327962 0 0 0 0.602059991327962 0 0.602059991327962 0 0 0.698970004336019 0.778151250383644 0 0.301029995663981 0.698970004336019 0 0 0 0.301029995663981 0.301029995663981 0 0 0 0 0 0 0 0 0
Genomoviridae 0 0 0 0 0 0 0 0 0 0.301029995663981 0 0.477121254719662 0.698970004336019 0 0 0 0 0 0 0 0 0 0 0 0 0 0 0 0
Globuloviridae 0 0 0 0 0 0 0 0 0 0 0 0 0 0 0 0 0 0 0 0 0 0 0 0 0 0 0 0 0
Hantaviridae 0 0 0 0 0 0 0 0 0 0 0 0 0 0 0 0 0 0 0 0 0 0 0 0 0 0 0 0 0
Hepadnaviridae 0 0.954242509439325 0.845098040014257 0.698970004336019 0 0.301029995663981 0.301029995663981 0.778151250383644 0.845098040014257 1.94939000664491 2.04532297878666 0.845098040014257 0.301029995663981 0.301029995663981 0.845098040014257 0.301029995663981 0 0 0.301029995663981 0.602059991327962 0.301029995663981 0 0.301029995663981 0.301029995663981 0 1.04139268515823 0 0 0
Hepeviridae 0 0.477121254719662 0 0.301029995663981 0 0.301029995663981 0 0 0.477121254719662 0.301029995663981 0 0 0.477121254719662 0.301029995663981 0 0 0 0 0 0 0 0 0 0 0 0 0 0 0
Herelleviridae 0 0.602059991327962 0.477121254719662 0.477121254719662 0 0 0 0.477121254719662 0 0.477121254719662 0.602059991327962 1.38021124171161 1.23044892137827 1.23044892137827 1.11394335230684 0 0 0.301029995663981 0 0 0 0 0.301029995663981 0.477121254719662 0 0.301029995663981 0 0 0
Herpesviridae 0 1.54406804435028 1.07918124604762 0.845098040014257 0.778151250383644 1.14612803567824 0.903089986991944 1.69019608002851 0.301029995663981 0.778151250383644 0.903089986991944 1.34242268082221 1.55630250076729 1.7160033436348 1.47712125471966 0.477121254719662 0 0.778151250383644 0.477121254719662 0.477121254719662 0.778151250383644 0.301029995663981 0.954242509439325 0.698970004336019 0.301029995663981 0 0.301029995663981 0.301029995663981 0
Hypoviridae 0 1.20411998265592 0 0 0 0.903089986991944 0.477121254719662 1.27875360095283 0 0 0 0 0 0 0.301029995663981 0 0 0 0 0 0 0.301029995663981 0 0 0.477121254719662 0 0 0 0
Hytrosaviridae 0 0 0 0 0 0 0 0 0.301029995663981 0.903089986991944 0.301029995663981 0.301029995663981 0 0 0 0 0 0 0 0 0 0 0 0 0 0 0 0 0
Iflaviridae 0 0 0 0 0 0 0 0.477121254719662 0 0 0 0 0 0 0 0 0 0 0 0 0 0 0 0 0 0 0 0 0
Inoviridae 0 0 0 0 0 0 0 0 0 0 0 0 0 0 0 0 0 0 0 0 0 0 0 0 0 0 0 0 0
Iridoviridae 0 1.77085201164214 1 1 0.845098040014257 1.17609125905568 1.07918124604762 1.77085201164214 0.845098040014257 1.34242268082221 1.44715803134222 2.05307844348342 2.07554696139253 2.07188200730613 1.99122607569249 0.903089986991944 0 0.698970004336019 1.34242268082221 0.602059991327962 0.698970004336019 0.903089986991944 0.778151250383644 0.602059991327962 0.301029995663981 0 0.477121254719662 0 0.301029995663981
Lavidaviridae 0 0 0 0 0 0.477121254719662 0 0.301029995663981 0 0 0 0 0 0 0 0 0 0 0 0 0 0 0 0 0 0 0 0 0
Leviviridae 0 0.778151250383644 0 0 0 0.602059991327962 0.301029995663981 0.477121254719662 0 0 0 0.301029995663981 0.602059991327962 0 0.602059991327962 0 0 0.477121254719662 0 0 0.301029995663981 0.301029995663981 0 0 0 0 0.301029995663981 0 0
Lipothrixviridae 0 0 0 0 0 0 0 0 0 0 0 0 0 0 0 0 0 0 0 0 0 0 0 0 0 0 0 0 0
Luteoviridae 0 0.477121254719662 0 0 0 0.301029995663981 0 0 0 0 0.301029995663981 0 0 0 0.301029995663981 0 0 0 0 0 0 0 0 0 0 0 0 0 0
Malacoherpesviridae 0 0 0 0 0 0 0 0 0 0 0 0 0 0 0 0 0 0 0 0 0 0.301029995663981 0 0 0 0 0 0 0
Marnaviridae 0 0 0 0 0 0.301029995663981 0 0.602059991327962 0 0 0 0 0 0 0 0 0 0 0 0 0 0 0 0 0 0 0 0 0
Marseilleviridae 0.301029995663981 1.43136376415899 0.602059991327962 0.602059991327962 0.477121254719662 1.07918124604762 0.698970004336019 1.14612803567824 1.39794000867204 1.11394335230684 1.04139268515823 0.778151250383644 0.698970004336019 0.954242509439325 0.602059991327962 0.301029995663981 0 0.602059991327962 0 0.301029995663981 0 0.301029995663981 0.477121254719662 0 0.477121254719662 1.89209460269048 0.301029995663981 0 0
Matonaviridae 0 0 0 0 0 0 0 0 0 0 0 0 0 0 0 0 0 0 0 0 0 0 0 0 0 0 0 0 0
Medioniviridae 0 0.301029995663981 0 0 0 0 0 0.301029995663981 0 0.602059991327962 0 0 0.301029995663981 0 0 0 0 0 0 0 0 0 0 0 0 0 0 0 0
Mesoniviridae 0 0 0 0.301029995663981 0 0 0 0 0 0 0 0 0 0 0 0 0 0 0 0 0 0 0 0 0 0 0 0 0
Metaviridae 0 1.25527250510331 0.301029995663981 0 0 0.778151250383644 0.301029995663981 1 0 0 0.301029995663981 1.07918124604762 1 1.11394335230684 0.845098040014257 0.301029995663981 0 0 0 0 0 0 0 0 0 0 0.301029995663981 0 0
Microviridae 0 1.14612803567824 0.301029995663981 0 0.301029995663981 0.301029995663981 0.301029995663981 1.07918124604762 0 0.301029995663981 0.698970004336019 0 0.477121254719662 0.301029995663981 0.301029995663981 0.477121254719662 0 0 0 0 0 0 0.477121254719662 0 0 0 0 0 0
Mimiviridae 0.301029995663981 2.37106786227174 1.20411998265592 1.43136376415899 1.39794000867204 2.06445798922692 1.68124123737559 2.28103336724773 1.54406804435028 1.36172783601759 1.7160033436348 2.39967372148104 2.37106786227174 2.41995574848976 2.27646180417324 0 0.301029995663981 1.20411998265592 1.86332286012046 1.32221929473392 0.954242509439325 0.602059991327962 1.34242268082221 1.17609125905568 0.845098040014257 0.954242509439325 0.845098040014257 0 0
Myoviridae 0 2.01703333929878 0.845098040014257 1 1 1.64345267648619 1.04139268515823 1.98227123303957 1.11394335230684 1.44715803134222 2.26717172840301 2.06818586174616 2.06445798922692 2.09691001300806 1.98227123303957 1 0.301029995663981 2.42160392686983 1.23044892137827 0.698970004336019 0.778151250383644 0.698970004336019 0.903089986991944 0.845098040014257 0.301029995663981 0.602059991327962 0.602059991327962 0.602059991327962 0.477121254719662
Nairoviridae 0 0 0 0 0 0 0 0 0 0 0 0 0 0 0.301029995663981 0 0 0 0 0 0 0 0 0 0 0 0 0 0
Nanoviridae 0 0.301029995663981 0 0 0 0.301029995663981 0 0.301029995663981 0 0 0 0 0 0 0 0 0 0 0 0 0 0 0 0 0 0 0 0 0
Narnaviridae 0 0.698970004336019 1.5910646070265 0.477121254719662 0.301029995663981 0 0.477121254719662 0.778151250383644 1.20411998265592 0 0.602059991327962 0.301029995663981 0.477121254719662 0.301029995663981 0.477121254719662 0 0 0 0.477121254719662 1.41497334797082 0 0 0 0 0 0.301029995663981 0 0 0
Nimaviridae 0 0.477121254719662 0.778151250383644 0.301029995663981 0 0.778151250383644 0 0.477121254719662 0.301029995663981 0.477121254719662 0 0.698970004336019 0.778151250383644 0 0.477121254719662 0 0 0.477121254719662 0.954242509439325 0 0.845098040014257 0 0.698970004336019 0.301029995663981 0 0 0 0.301029995663981 0
Nodaviridae 0 0 0 0 0 0 0 0 0 0 0.301029995663981 0 0.301029995663981 0.301029995663981 0.602059991327962 0 0 0 0 0 0 0 0 0 0 0 0 0 0
Nudiviridae 0 0.602059991327962 0 0.301029995663981 0 0 0 0.602059991327962 0 0 0.301029995663981 0.602059991327962 0.301029995663981 0.698970004336019 0.477121254719662 0 0 0 0 0 0.301029995663981 0 0 0.301029995663981 0 0 0 0 0
Nyamiviridae 0 0 0 0 0 0 0 0 0.301029995663981 0 0 0 0 0 0 0 0 0 0 0 0 0 0 0 0 0 0 0 0
Orthomyxoviridae 0 0.698970004336019 0 0 0 0 0.301029995663981 0.602059991327962 0 0.301029995663981 0.301029995663981 0.301029995663981 0.477121254719662 0.301029995663981 0 0.301029995663981 0 0 0 0.301029995663981 0.301029995663981 0 0 0.301029995663981 0.301029995663981 0 0 0 0
Papillomaviridae 0.301029995663981 0.602059991327962 0.477121254719662 0.477121254719662 0.301029995663981 0.477121254719662 0 0.602059991327962 0.301029995663981 0.301029995663981 0.477121254719662 0.778151250383644 0.477121254719662 0.477121254719662 0.602059991327962 0 0 0.698970004336019 0 0.301029995663981 0.698970004336019 0 0.477121254719662 0 0 0.477121254719662 0 0 0
Paramyxoviridae 0 0.602059991327962 0 0 0 0.301029995663981 0 0.477121254719662 0.301029995663981 0.301029995663981 0.477121254719662 0.698970004336019 0.602059991327962 0.845098040014257 0.845098040014257 0 0 0.301029995663981 0 0 0 0 0.301029995663981 0 0 0 0 0 0
Partitiviridae 0 0 0.602059991327962 0 0.778151250383644 0 0 0 0 0 0 0 0 0 0 0.698970004336019 0.301029995663981 1.30102999566398 0.301029995663981 0 0 0.602059991327962 0.698970004336019 0 0 0.845098040014257 0 0 0
Parvoviridae 0 1.07918124604762 0.602059991327962 0.778151250383644 0.477121254719662 0.954242509439325 0.477121254719662 1.07918124604762 0.301029995663981 0.903089986991944 1.20411998265592 1.30102999566398 1.25527250510331 1.20411998265592 0.903089986991944 0 0.301029995663981 0.602059991327962 0.477121254719662 0.477121254719662 0 0 0.477121254719662 0 0.301029995663981 0.301029995663981 0 0 0.301029995663981
Peribunyaviridae 0 0 0 0 0 0 0 0 0 0 0.301029995663981 1.17609125905568 1.04139268515823 1.07918124604762 0.845098040014257 0 0 0 0 0 0 0 0 0 0 0 0 0 0
Phenuiviridae 0 0.698970004336019 0 0 0.301029995663981 0.778151250383644 0.477121254719662 1.11394335230684 0 0 0.301029995663981 0 0 0 0 0 0 0 0.301029995663981 0 0.301029995663981 0 0 0 0 0 0 0 0
Phycodnaviridae 0.301029995663981 1.44715803134222 1.23044892137827 1.14612803567824 1.07918124604762 0.845098040014257 0.778151250383644 1.30102999566398 0.698970004336019 0.903089986991944 1.27875360095283 1.30102999566398 1.34242268082221 1.55630250076729 1.14612803567824 0.698970004336019 0 1.11394335230684 0.698970004336019 0.903089986991944 0.698970004336019 0 0.778151250383644 0.477121254719662 0.602059991327962 0.698970004336019 0 0 0
Picobirnaviridae 0 0.845098040014257 0 0 2.09342168516224 1.76342799356294 2.06445798922692 0.903089986991944 1.81954393554187 0.903089986991944 2.57287160220048 0 0 0 0 2.51851393987789 1.46239799789896 0 3.00646604224923 0.602059991327962 0 0 0.477121254719662 0 0 0.954242509439325 0 0 0
Picornaviridae 0 1.38021124171161 0.477121254719662 0.477121254719662 0.698970004336019 1.11394335230684 0.301029995663981 1.68124123737559 0 0.698970004336019 1 0.845098040014257 0.698970004336019 0.954242509439325 0.698970004336019 0.301029995663981 0 0 0.698970004336019 0 0.602059991327962 0 0.477121254719662 0.602059991327962 0.301029995663981 0.301029995663981 0 0.301029995663981 0
Pithoviridae 0 1.44715803134222 0.477121254719662 0.477121254719662 0 1.27875360095283 0.477121254719662 1.46239799789896 0.602059991327962 0.778151250383644 0.602059991327962 1 1 1.25527250510331 0.954242509439325 0.954242509439325 0 0.778151250383644 0.477121254719662 0 0.301029995663981 0 0.602059991327962 0.301029995663981 0 0 0 0.301029995663981 0
Pleolipoviridae 0 0 0 0 0 0 0 0 0 0 0 0 0 0 0 0 0 0 0 0 0 0 0 0 0 0 0 0 0
Pneumoviridae 0 0.301029995663981 0 0 0 0 0 0 0 0 0 0 0 0.602059991327962 0.301029995663981 0 0 0 0 0 0.301029995663981 0 0 0 0 0 0 0 0
Podoviridae 0 1.11394335230684 0.954242509439325 0.698970004336019 0.778151250383644 0.903089986991944 0.602059991327962 1.17609125905568 0.698970004336019 0.845098040014257 1.27875360095283 1.27875360095283 0.954242509439325 1.20411998265592 1.25527250510331 0 0 0 0.602059991327962 0.477121254719662 0.477121254719662 0 0.301029995663981 0.602059991327962 0 0 0 0 0
Polycipiviridae 0 0.698970004336019 0 0 0 0 0 0.602059991327962 0 0 0 0 0 0 0 0 0 0 0 0 0 0 0 0 0 0 0 0 0
Polydnaviridae 0 1.43136376415899 0.301029995663981 0.301029995663981 0.301029995663981 0.954242509439325 0.698970004336019 1.57978359661681 0 0.954242509439325 1.07918124604762 0.954242509439325 1 1.04139268515823 0.903089986991944 0 0 0 0.477121254719662 1.17609125905568 0.602059991327962 0 0.602059991327962 0 0.477121254719662 0.301029995663981 0 0 0
Polyomaviridae 0 0.477121254719662 0 0 0 0 0.301029995663981 0.301029995663981 0 0 0 0 0 0 0 0 0 0 0 0 0 0 0 0 0 0 0 0 0
Potyviridae 0 0.301029995663981 0 0 0 0 0.301029995663981 0 0.301029995663981 0 0 0.602059991327962 0.602059991327962 0.301029995663981 0 0.301029995663981 0 0 0 0.301029995663981 0 0 0.301029995663981 0.477121254719662 0 0 0 0 0
Poxviridae 0 1.82607480270083 1.30102999566398 1.07918124604762 1.14612803567824 1.55630250076729 1.63346845557959 1.88649072517248 0.477121254719662 0.301029995663981 1.43136376415899 1.39794000867204 1.17609125905568 1.65321251377534 1.25527250510331 1.30102999566398 0 1.14612803567824 0.477121254719662 0.845098040014257 0.778151250383644 0.778151250383644 0.602059991327962 0.698970004336019 0 0 0.301029995663981 0 0
Qinviridae 0 0 0 0.301029995663981 0 0 0 0 0 0 0 0 0 0 0 0 0 0 0 0 0 0 0 0 0 0 0 0 0
Reoviridae 0 1.17609125905568 0.301029995663981 0.602059991327962 0.477121254719662 0.903089986991944 0 0.903089986991944 0 0.602059991327962 0.954242509439325 1.23044892137827 1.20411998265592 1.34242268082221 1.07918124604762 0.301029995663981 0 0.698970004336019 0.602059991327962 0 0 0 0 0.602059991327962 0 0 0.301029995663981 0 0
Retroviridae 0 2.25285303097989 1.43136376415899 1.67209785793572 1.47712125471966 1.98227123303957 1.51851393987789 2.55022835305509 1.30102999566398 1.30102999566398 1.86332286012046 2.22271647114758 2.14301480025409 2.11394335230684 2.13353890837022 0.778151250383644 0.301029995663981 1.04139268515823 1.77815125038364 1.38021124171161 1.66275783168157 1.20411998265592 1.36172783601759 1.04139268515823 0.778151250383644 1.04139268515823 1.04139268515823 0.602059991327962 0.301029995663981
Rhabdoviridae 0 0.477121254719662 0 0 0.301029995663981 0.301029995663981 0 0 0 0 0.301029995663981 0.301029995663981 0.602059991327962 0.698970004336019 0.698970004336019 0 0 0 0 0 0 0 0.477121254719662 0 0 0.301029995663981 0 0 0
Roniviridae 0 0 0 0 0 0 0 0 0 0 0 0 0 0 0 0 0 0 0 0 0 0 0 0 0 0 0 0 0
Rudiviridae 0 0 0 0.301029995663981 0 0 0 0 0 0 0 0 0 0 0 0 0 0 0 0 0 0 0 0 0 0 0 0 0
Secoviridae 0 0 0 0 0 0 0 0 0 0 0 0 0.477121254719662 0.602059991327962 0.477121254719662 0 0 0 0.301029995663981 0.301029995663981 0.602059991327962 0.602059991327962 0 0 0 0 0 0 0
Siphoviridae 0 2.17609125905568 1.20411998265592 1.23044892137827 1.20411998265592 1.81291335664286 1.23044892137827 2.22788670461367 1.07918124604762 1.17609125905568 2.46686762035411 2.22271647114758 2.10380372095596 2.26007138798507 2.03742649794062 0.602059991327962 0 1.17609125905568 1.7160033436348 1.14612803567824 0.698970004336019 0.301029995663981 0.778151250383644 0.845098040014257 0 0.698970004336019 0.477121254719662 0 0
Smacoviridae 0 0 0 0 0 0 0 0 0 0 0 0.602059991327962 0 0.301029995663981 0 0 0 0 0 0 0 0 0 0 0 0 0 0 0
Solemoviridae 0 0 0 0 0.301029995663981 0 0 0 0 0 0 0 0 0 0 0 0 0 0 0 0 0 0 0 0 0 0 0 0
Solinviviridae 0 0 0 0 0 0 0 0 0 0 0 0 0.477121254719662 0 0 0 0 0 0 0 0 0 0 0 0 0 0 0 0
Sphaerolipoviridae 0 0 0 0 0 0 0 0 0 0 0 0 0 0 0 0 0 0 0 0 0 0 0 0 0 0 0 0 0
Tectiviridae 0 0 0 0 0 0 0 0 0 0 0 0 0 0 0 0 0 0 0 0 0 0 0 0 0 0 0 0 0
Tobaniviridae 0 0 0 0 0 0 0 0 0 0.301029995663981 0 0.301029995663981 0.477121254719662 0.602059991327962 0.477121254719662 0 0 0 0 0 0 0 0 0 0 0 0 0 0
Togaviridae 0 0.602059991327962 0 0 0 0 0.301029995663981 0.602059991327962 0.301029995663981 0 0.301029995663981 0.477121254719662 0 0.698970004336019 0.301029995663981 0 0 0 0.845098040014257 0 0.477121254719662 0 0 0 0 0 0 0 0
Tombusviridae 0 0 0 0 0 0.301029995663981 0 0.602059991327962 0 0 0 0 0 0 0 0 0 0 0.602059991327962 0 0 0 0 0 0 0 0 0 0
Tospoviridae 0 0 0 0 0 0 0 0 0 0 0 0 0 0 0 0 0 0 0 0 0 0 0 0 0 0 0 0 0
Totiviridae 0.301029995663981 0.698970004336019 0.301029995663981 0 0.477121254719662 0.477121254719662 0 0.778151250383644 1.46239799789896 0 0.477121254719662 0 0.301029995663981 0 0.301029995663981 0 0 0 0.602059991327962 0.778151250383644 0.477121254719662 0.477121254719662 0.602059991327962 0 0 0 0 0 0
Turriviridae 0 0 0 0 0 0 0 0.301029995663981 0 0.301029995663981 0 0 0 0 0 0 0 0 0 0 0 0 0 0 0 0 0 0 0
Tymoviridae 0 0.301029995663981 0 0 0 0 0 0 0 0 0 0 0 0.477121254719662 0.301029995663981 0 0 0.301029995663981 0 0 0 0 0 0 0 0 0 0 0
unclassified 1.81291335664286 1.99122607569249 1.32221929473392 1.53147891704226 1.61278385671974 1.79934054945358 1.54406804435028 2.07188200730613 1.55630250076729 1.11394335230684 2.31386722036915 2.38201704257487 2.37291200297011 2.39967372148104 2.30102999566398 1.47712125471966 1.47712125471966 2.25767857486918 2.53147891704225 1.85733249643127 1.41497334797082 1.30102999566398 1.27875360095283 1.30102999566398 1.44715803134222 0.954242509439325 2.05690485133647 1.83884909073726 1.67209785793572
Virgaviridae 0 0 0 0 0 0 0 0 0 0 0 0 0 0 0 0 0 0 0 0 0 0 0 0 0 0 0 0 0
Xinmoviridae 0 0 0 0 0 0 0 0 0 0 0 0 0 0 0 0 0 0 0 0 0 0 0 0 0 0 0 0 0
