Family	MT_ACR4	MT_GAL3	MT_DIP2	MT_DIP4	MT_DIP5	MT_GAL1	MT_GAL2	MT_GAL4	MT_MYC3	MT_MYC4	MT_MYC5	MT_PAC1	MT_PAC2	MT_PAC3	MT_PAC4	MT_POC1	MT_POC2	MT_POC4	MT_POR2	MT_POR3	MT_STY1	MT_STY3	MT_DIP3	MT_ACR3	MT_ACR2	MT_MYC1	MT_POC3	MT_ACR1	MT_STY5	MT_STY2	MT_PAC5	MT_STY4
Ackermannviridae	1	2	0	0	0	0	0	0	0	0	0	0	0	0	0	0	0	0	0	0	0	0	0	0	0	0	0	0	0	0	0	0
Adenoviridae	0	15	10	2	4	4	3	17	3	1	10	5	7	11	5	2	1	4	1	1	6	1	0	0	0	0	0	0	0	0	0	0
Adomaviridae	0	0	0	0	0	0	0	0	0	0	0	0	0	0	0	0	0	0	1	0	0	0	0	0	0	0	0	0	0	0	0	0
Alloherpesviridae	0	8	0	1	0	1	1	3	1	0	2	9	8	8	4	0	0	0	0	0	0	0	0	0	0	0	0	0	0	0	0	0
Alphaflexiviridae	0	0	0	1	0	0	0	0	0	0	0	0	0	0	0	0	0	0	0	1	0	0	0	0	0	0	0	0	0	0	0	0
Anelloviridae	0	4	0	1	1	1	0	8	0	0	0	2	0	1	1	0	0	0	0	0	0	1	1	0	0	0	0	0	0	0	0	0
Arenaviridae	0	0	0	1	1	0	0	0	0	0	1	3	0	2	0	0	0	0	0	0	0	0	2	0	0	0	0	0	0	0	0	0
Arteriviridae	0	12	1	4	1	9	4	7	2	1	2	9	5	9	2	0	0	0	1	1	2	0	1	1	0	0	0	0	0	0	0	0
Ascoviridae	0	0	1	0	0	2	0	0	0	0	1	0	0	0	0	0	0	0	1	2	0	0	0	0	0	0	0	0	0	0	0	0
Asfarviridae	0	2	0	0	0	1	0	0	0	0	0	2	0	0	1	0	0	0	0	0	0	0	1	0	0	0	0	0	0	0	0	0
Astroviridae	0	2	1	0	0	1	0	1	0	0	2	3	2	2	1	0	0	0	0	0	0	0	0	0	0	0	0	0	0	0	0	0
Baculoviridae	0	26	6	7	6	15	2	26	6	4	11	33	35	50	33	0	0	5	5	7	1	0	6	0	3	5	0	0	0	0	0	0
Benyviridae	0	0	0	0	0	0	0	0	0	0	0	0	0	0	0	0	0	0	0	0	0	0	1	0	0	0	0	0	0	0	0	0
Betaflexiviridae	0	3	0	0	0	0	0	1	1	0	1	0	1	0	0	0	0	0	0	0	1	0	0	1	0	0	0	0	0	0	0	0
Bicaudaviridae	0	0	0	0	0	0	0	1	0	0	0	0	0	0	0	0	0	0	0	0	0	0	0	0	0	0	0	0	0	0	0	0
Bidnaviridae	0	0	2	3	0	0	0	0	0	0	0	0	2	0	1	0	0	0	0	0	0	0	0	0	0	0	0	0	0	0	0	0
Botourmiaviridae	0	0	0	0	0	0	0	0	0	0	0	0	0	0	0	0	0	1	0	0	0	0	0	0	0	0	0	0	0	0	0	0
Bromoviridae	0	0	0	1	0	0	0	0	0	0	0	0	0	0	0	0	0	0	0	0	0	0	0	0	0	0	0	0	0	0	0	0
Caliciviridae	0	0	0	0	0	0	0	0	0	0	3	2	0	0	0	0	0	0	0	0	0	0	0	0	0	0	1	0	0	0	0	0
Caulimoviridae	0	38	4	6	2	6	6	17	1	7	12	23	20	26	15	0	0	2	2	1	5	1	1	4	0	6	0	1	1	0	0	0
Circoviridae	0	6	1	0	0	0	2	1	0	0	3	0	0	0	3	0	0	1	0	1	0	0	0	1	0	0	1	0	0	0	0	0
Clavaviridae	0	0	0	0	0	1	0	0	0	0	0	0	0	0	0	0	0	0	0	0	0	0	0	1	0	0	0	0	0	0	0	0
Closteroviridae	0	0	0	1	0	0	0	0	1	0	0	2	1	0	0	0	0	0	0	0	1	1	0	3	0	0	0	1	0	0	0	0
Coronaviridae	0	1	2	0	1	2	4	5	0	1	3	2	1	2	1	0	0	0	1	3	0	0	0	2	0	0	1	2	0	0	0	0
Deltaflexiviridae	0	0	0	0	0	2	0	0	0	0	0	0	0	0	0	0	0	0	0	0	0	0	0	0	0	0	0	0	0	0	0	0
Dicistroviridae	0	8	0	0	0	5	2	4	0	0	0	2	2	0	1	0	0	0	0	0	0	0	0	0	0	0	0	0	0	0	0	0
Endornaviridae	0	3	4	0	18	2	0	1	11	1	1	0	0	0	0	3	0	0	6	16	0	2	0	0	0	1	0	0	0	0	0	0
Filoviridae	0	0	0	0	0	0	0	0	0	0	0	0	0	0	0	0	0	0	1	0	2	0	0	0	0	0	0	0	0	0	0	0
Fimoviridae	0	0	0	0	0	0	0	0	0	0	0	3	1	0	0	0	0	0	0	0	0	0	0	0	0	0	0	0	0	0	0	0
Flaviviridae	0	14	3	2	3	7	3	17	6	2	5	35	18	14	16	0	0	2	3	1	1	1	3	0	14	0	0	0	0	1	0	0
Fusariviridae	0	0	0	0	0	0	0	0	0	0	0	0	0	0	0	0	0	0	0	0	0	2	0	0	0	0	0	0	0	0	0	0
Geminiviridae	0	3	0	0	0	3	0	3	0	0	4	5	0	1	4	0	0	0	1	1	0	0	0	0	0	0	0	0	0	0	0	0
Genomoviridae	0	0	0	0	0	0	0	0	0	1	0	2	4	0	0	0	0	0	0	0	0	0	0	0	0	0	0	0	0	0	0	0
Hepadnaviridae	0	8	6	4	0	1	1	5	6	88	110	6	1	1	6	1	0	0	1	3	1	0	1	1	0	10	0	1	0	0	0	0
Hepeviridae	0	2	0	1	0	1	0	0	2	1	0	0	2	1	0	0	0	0	0	0	0	0	0	0	0	0	0	0	0	0	0	0
Herelleviridae	0	3	2	2	0	0	0	2	0	2	3	23	16	16	12	0	0	1	0	0	0	0	1	2	0	1	0	1	0	0	1	0
Herpesviridae	0	34	11	6	5	13	7	48	1	5	7	21	35	51	29	2	0	5	2	2	5	1	8	4	1	0	1	1	0	1	0	0
Hypoviridae	0	15	0	0	0	7	2	18	0	0	0	0	0	0	1	0	0	0	0	0	0	1	0	0	2	0	0	0	0	0	0	0
Hytrosaviridae	0	0	0	0	0	0	0	0	1	7	1	1	0	0	0	0	0	0	0	0	0	0	0	0	0	0	0	0	0	0	0	0
Iflaviridae	0	0	0	0	0	0	0	2	0	0	0	0	0	0	0	0	0	0	0	0	0	0	0	0	0	0	0	0	0	0	0	0
Iridoviridae	0	58	9	9	6	14	11	58	6	21	27	112	118	117	97	7	0	4	21	3	4	7	5	3	1	0	2	0	1	0	0	1
Lavidaviridae	0	0	0	0	0	2	0	1	0	0	0	0	0	0	0	0	0	0	0	0	0	0	0	0	0	0	0	0	0	0	0	0
Leviviridae	0	5	0	0	0	3	1	2	0	0	0	1	3	0	3	0	0	2	0	0	1	1	0	0	0	0	1	0	0	0	0	0
Luteoviridae	0	2	0	0	0	1	0	0	0	0	1	0	0	0	1	0	0	0	0	0	0	0	0	0	0	0	0	0	0	0	0	0
Malacoherpesviridae	0	0	0	0	0	0	0	0	0	0	0	0	0	0	0	0	0	0	0	0	0	1	0	0	0	0	0	0	0	0	0	0
Marnaviridae	0	0	0	0	0	1	0	3	0	0	0	0	0	0	0	0	0	0	0	0	0	0	0	0	0	0	0	0	0	0	0	0
Marseilleviridae	1	26	3	3	2	11	4	13	24	12	10	5	4	8	3	1	0	3	0	1	0	1	2	0	2	77	1	0	0	0	0	0
Medioniviridae	0	1	0	0	0	0	0	1	0	3	0	0	1	0	0	0	0	0	0	0	0	0	0	0	0	0	0	0	0	0	0	0
Mesoniviridae	0	0	0	1	0	0	0	0	0	0	0	0	0	0	0	0	0	0	0	0	0	0	0	0	0	0	0	0	0	0	0	0
Metaviridae	0	17	1	0	0	5	1	9	0	0	1	11	9	12	6	1	0	0	0	0	0	0	0	0	0	0	1	0	0	0	0	0
Microviridae	0	13	1	0	1	1	1	11	0	1	4	0	2	1	1	2	0	0	0	0	0	0	2	0	0	0	0	0	0	0	0	0
Mimiviridae	1	234	15	26	24	115	47	190	34	22	51	250	234	262	188	0	1	15	72	20	8	3	21	14	6	8	6	10	2	0	0	0
Myoviridae	0	103	6	9	9	43	10	95	12	27	184	116	115	124	95	9	1	263	16	4	5	4	7	6	1	3	3	1	2	3	1	2
Nairoviridae	0	0	0	0	0	0	0	0	0	0	0	0	0	0	1	0	0	0	0	0	0	0	0	0	0	0	0	0	0	0	0	0
Nanoviridae	0	1	0	0	0	1	0	1	0	0	0	0	0	0	0	0	0	0	0	0	0	0	0	0	0	0	0	0	0	0	0	0
Narnaviridae	0	4	38	2	1	0	2	5	15	0	3	1	2	1	2	0	0	0	2	25	0	0	0	0	0	1	0	0	1	0	0	0
Nimaviridae	0	2	5	1	0	5	0	2	1	2	0	4	5	0	2	0	0	2	8	0	6	0	4	1	0	0	0	0	0	1	0	0
Nodaviridae	0	0	0	0	0	0	0	0	0	0	1	0	1	1	3	0	0	0	0	0	0	0	0	0	0	0	0	0	0	0	0	0
Nudiviridae	0	3	0	1	0	0	0	3	0	0	1	3	1	4	2	0	0	0	0	0	1	0	0	1	0	0	0	0	0	0	0	0
Nyamiviridae	0	0	0	0	0	0	0	0	1	0	0	0	0	0	0	0	0	0	0	0	0	0	0	0	0	0	0	0	0	0	0	0
Orthomyxoviridae	0	4	0	0	0	0	1	3	0	1	1	1	2	1	0	1	0	0	0	1	1	0	0	1	1	0	0	0	0	0	0	0
Papillomaviridae	1	3	2	2	1	2	0	3	1	1	2	5	2	2	3	0	0	4	0	1	4	0	2	0	0	2	0	0	0	0	0	0
Paramyxoviridae	0	3	0	0	0	1	0	2	1	1	2	4	3	6	6	0	0	1	0	0	0	0	1	0	0	0	0	0	0	0	0	0
Partitiviridae	0	0	3	0	5	0	0	0	0	0	0	0	0	0	0	4	1	19	1	0	0	3	4	0	0	6	0	0	0	0	0	0
Parvoviridae	0	11	3	5	2	8	2	11	1	7	15	19	17	15	7	0	1	3	2	2	0	0	2	0	1	1	0	3	0	0	0	1
Peribunyaviridae	0	0	0	0	0	0	0	0	0	0	1	14	10	11	6	0	0	0	0	0	0	0	0	0	0	0	0	1	0	0	0	0
Phenuiviridae	0	4	0	0	1	5	2	12	0	0	1	0	0	0	0	0	0	0	1	0	1	0	0	0	0	0	0	0	0	0	0	0
Phycodnaviridae	1	27	16	13	11	6	5	19	4	7	18	19	21	35	13	4	0	12	4	7	4	0	5	2	3	4	0	1	0	0	0	0
Picobirnaviridae	0	6	0	0	123	57	115	7	65	7	373	0	0	0	0	329	28	0	1014	3	0	0	2	0	0	8	0	0	0	0	0	0
Picornaviridae	0	23	2	2	4	12	1	47	0	4	9	6	4	8	4	1	0	0	4	0	3	0	2	3	1	1	0	0	2	1	0	0
Pithoviridae	0	27	2	2	0	18	2	28	3	5	3	9	9	17	8	8	0	5	2	0	1	0	3	1	0	0	0	0	0	1	0	0
Pneumoviridae	0	1	0	0	0	0	0	0	0	0	0	0	0	3	1	0	0	0	0	0	1	0	0	0	0	0	0	0	0	0	0	0
Podoviridae	0	12	8	4	5	7	3	14	4	6	18	18	8	15	17	0	0	0	3	2	2	0	1	3	0	0	0	2	0	0	0	0
Polycipiviridae	0	4	0	0	0	0	0	3	0	0	0	0	0	0	0	0	0	0	0	0	0	0	0	0	0	0	0	0	0	0	0	0
Polydnaviridae	0	26	1	1	1	8	4	37	0	8	11	8	9	10	7	0	0	0	2	14	3	0	3	0	2	1	0	0	0	0	0	0
Polyomaviridae	0	2	0	0	0	0	1	1	0	0	0	0	0	0	0	0	0	0	0	0	0	0	0	0	0	0	0	0	0	0	0	0
Potyviridae	0	1	0	0	0	0	1	0	1	0	0	3	3	1	0	1	0	0	0	1	0	0	1	2	0	0	0	0	0	0	0	0
Poxviridae	0	66	19	11	13	35	42	76	2	1	26	24	14	44	17	19	0	13	2	6	5	5	3	4	0	0	1	0	4	0	0	0
Qinviridae	0	0	0	1	0	0	0	0	0	0	0	0	0	0	0	0	0	0	0	0	0	0	0	0	0	0	0	0	0	0	0	0
Reoviridae	0	14	1	3	2	7	0	7	0	3	8	16	15	21	11	1	0	4	3	0	0	0	0	3	0	0	1	0	0	0	0	0
Retroviridae	0	178	26	46	29	95	32	354	19	19	72	166	138	129	135	5	1	10	59	23	45	15	22	10	5	10	10	5	9	3	1	1
Rhabdoviridae	0	2	0	0	1	1	0	0	0	0	1	1	3	4	4	0	0	0	0	0	0	0	2	0	0	1	0	0	0	0	0	0
Rudiviridae	0	0	0	1	0	0	0	0	0	0	0	0	0	0	0	0	0	0	0	0	0	0	0	0	0	0	0	0	0	0	0	0
Secoviridae	0	0	0	0	0	0	0	0	0	0	0	0	2	3	2	0	0	0	1	1	3	3	0	0	0	0	0	0	0	0	0	0
Siphoviridae	0	149	15	16	15	64	16	168	11	14	292	166	126	181	108	3	0	14	51	13	4	1	5	6	0	4	2	1	1	0	3	0
Smacoviridae	0	0	0	0	0	0	0	0	0	0	0	3	0	1	0	0	0	0	0	0	0	0	0	0	0	0	0	0	0	0	0	0
Solemoviridae	0	0	0	0	1	0	0	0	0	0	0	0	0	0	0	0	0	0	0	0	0	0	0	0	0	0	0	0	0	0	0	0
Solinviviridae	0	0	0	0	0	0	0	0	0	0	0	0	2	0	0	0	0	0	0	0	0	0	0	0	0	0	0	0	0	0	0	0
Tobaniviridae	0	0	0	0	0	0	0	0	0	1	0	1	2	3	2	0	0	0	0	0	0	0	0	0	0	0	0	0	0	0	0	0
Togaviridae	0	3	0	0	0	0	1	3	1	0	1	2	0	4	1	0	0	0	6	0	2	0	0	0	0	0	0	0	0	0	0	0
Tombusviridae	0	0	0	0	0	1	0	3	0	0	0	0	0	0	0	0	0	0	3	0	0	0	0	0	0	0	0	0	0	0	0	0
Totiviridae	1	4	1	0	2	2	0	5	28	0	2	0	1	0	1	0	0	0	3	5	2	2	3	0	0	0	0	0	0	0	0	0
Turriviridae	0	0	0	0	0	0	0	1	0	1	0	0	0	0	0	0	0	0	0	0	0	0	0	0	0	0	0	0	0	0	0	0
Tymoviridae	0	1	0	0	0	0	0	0	0	0	0	0	0	2	1	0	0	1	0	0	0	0	0	0	0	0	0	0	0	0	0	0
unclassified	64	97	20	33	40	62	34	117	35	12	205	240	235	250	199	29	29	180	339	71	25	19	18	19	27	8	113	12	12	68	1	46
